,ts_code,symbol,name,area,industry,cnspell,market,list_date,act_name,act_ent_type
0,000001.SZ,000001,平安银行,深圳,银行,payh,主板,19910403,无实际控制人,无
1,000002.SZ,000002,万科A,深圳,全国地产,wka,主板,19910129,深圳市人民政府国有资产监督管理委员会,地方国企
2,000004.SZ,000004,国华网安,深圳,软件服务,ghwa,主板,19910114,李映彤,民营企业
3,000006.SZ,000006,深振业A,深圳,区域地产,szya,主板,19920427,深圳市人民政府国有资产监督管理委员会,地方国企
4,000007.SZ,000007,全新好,深圳,其他商业,qxh,主板,19920413,王玩虹,民营企业
5,000008.SZ,000008,神州高铁,北京,运输设备,szgt,主板,19920507,,
6,000009.SZ,000009,中国宝安,深圳,电气设备,zgba,主板,19910625,无实际控制人,无
7,000010.SZ,000010,美丽生态,深圳,建筑工程,mlst,主板,19951027,,
8,000011.SZ,000011,深物业A,深圳,房产服务,swya,主板,19920330,深圳市人民政府国有资产监督管理委员会,地方国企
9,000012.SZ,000012,南玻A,深圳,玻璃,nba,主板,19920228,深圳市人民政府国有资产监督管理委员会,地方国企
10,000014.SZ,000014,沙河股份,深圳,全国地产,shgf,主板,19920602,深圳市人民政府国有资产监督管理委员会,地方国企
11,000016.SZ,000016,深康佳A,深圳,家用电器,skja,主板,19920327,,
12,000017.SZ,000017,深中华A,深圳,服饰,szha,主板,19920331,王胜洪,民营企业
13,000019.SZ,000019,深粮控股,深圳,农业综合,slkg,主板,19921012,深圳市人民政府国有资产监督管理委员会,地方国企
14,000020.SZ,000020,深华发A,深圳,元器件,shfa,主板,19920428,李中秋,民营企业
15,000021.SZ,000021,深科技,深圳,元器件,skj,主板,19940202,,
16,000025.SZ,000025,特力A,深圳,综合类,tla,主板,19930621,深圳市人民政府国有资产监督管理委员会,地方国企
17,000026.SZ,000026,飞亚达,深圳,服饰,fyd,主板,19930603,中国航空工业集团有限公司,中央国企
18,000027.SZ,000027,深圳能源,深圳,火力发电,szny,主板,19930903,深圳市人民政府国有资产监督管理委员会,地方国企
19,000028.SZ,000028,国药一致,深圳,医药商业,gyyz,主板,19930809,,
20,000029.SZ,000029,深深房A,深圳,区域地产,ssfa,主板,19930915,深圳市人民政府国有资产监督管理委员会,地方国企
21,000030.SZ,000030,富奥股份,吉林,汽车配件,fagf,主板,19930929,,
22,000031.SZ,000031,大悦城,深圳,全国地产,dyc,主板,19931008,,
23,000032.SZ,000032,深桑达A,深圳,建筑工程,ssda,主板,19931028,,
24,000034.SZ,000034,神州数码,深圳,软件服务,szsm,主板,19940509,,
25,000035.SZ,000035,中国天楹,江苏,环境保护,zgty,主板,19940408,,
26,000036.SZ,000036,华联控股,深圳,全国地产,hlkg,主板,19940617,龚泽民,民营企业
27,000037.SZ,000037,深南电A,深圳,火力发电,snda,主板,19940701,无实际控制人,无
28,000039.SZ,000039,中集集团,深圳,运输设备,zjjt,主板,19940408,无实际控制人,无
29,000040.SZ,000040,ST旭蓝,深圳,新型电力,stxl,主板,19940808,,
30,000042.SZ,000042,中洲控股,深圳,全国地产,zzkg,主板,19940921,深圳市人民政府国有资产监督管理委员会,地方国企
31,000045.SZ,000045,深纺织A,深圳,元器件,sfza,主板,19940815,深圳市人民政府国有资产监督管理委员会,地方国企
32,000048.SZ,000048,京基智农,深圳,区域地产,jjzn,主板,19941101,,
33,000049.SZ,000049,德赛电池,深圳,电气设备,dsdc,主板,19950320,,
34,000050.SZ,000050,深天马A,深圳,元器件,stma,主板,19950315,,
35,000055.SZ,000055,方大集团,深圳,其他建材,fdjt,主板,19960415,,
36,000056.SZ,000056,皇庭国际,深圳,其他商业,htgj,主板,19960708,,
37,000058.SZ,000058,深赛格,深圳,商品城,ssg,主板,19961226,深圳市人民政府国有资产监督管理委员会,地方国企
38,000059.SZ,000059,华锦股份,辽宁,石油加工,hjgf,主板,19970130,,
39,000060.SZ,000060,中金岭南,深圳,铅锌,zjln,主板,19970123,,
40,000061.SZ,000061,农产品,深圳,农业综合,ncp,主板,19970110,深圳市人民政府国有资产监督管理委员会,地方国企
41,000062.SZ,000062,深圳华强,深圳,元器件,szhq,主板,19970130,,
42,000063.SZ,000063,中兴通讯,深圳,通信设备,zxtx,主板,19971118,无实际控制人,无
43,000065.SZ,000065,北方国际,北京,建筑工程,bfgj,主板,19980605,,
44,000066.SZ,000066,中国长城,深圳,IT设备,zgcc,主板,19970626,,
45,000068.SZ,000068,华控赛格,深圳,环境保护,hksg,主板,19970611,山西省国有资本运营有限公司,地方国企
46,000069.SZ,000069,华侨城A,深圳,全国地产,hqca,主板,19970910,国务院国有资产监督管理委员会,中央国企
47,000070.SZ,000070,ST特信,深圳,通信设备,sttx,主板,20000511,深圳市人民政府国有资产监督管理委员会,地方国企
48,000078.SZ,000078,海王生物,深圳,医药商业,hwsw,主板,19981218,,
49,000088.SZ,000088,盐田港,深圳,港口,ytg,主板,19970728,深圳市人民政府国有资产监督管理委员会,地方国企
50,000089.SZ,000089,深圳机场,深圳,机场,szjc,主板,19980420,深圳市人民政府国有资产监督管理委员会,地方国企
51,000090.SZ,000090,天健集团,深圳,建筑工程,tjjt,主板,19990721,深圳市人民政府国有资产监督管理委员会,地方国企
52,000096.SZ,000096,广聚能源,深圳,石油贸易,gjny,主板,20000724,,
53,000099.SZ,000099,中信海直,深圳,空运,zxhz,主板,20000731,,
54,000100.SZ,000100,TCL科技,广东,元器件,tclkj,主板,20040130,无实际控制人,无
55,000151.SZ,000151,中成股份,北京,商贸代理,zcgf,主板,20000906,,
56,000153.SZ,000153,丰原药业,安徽,化学制药,fyyy,主板,20000920,,
57,000155.SZ,000155,川能动力,四川,新型电力,cndl,主板,20000926,四川省政府国有资产监督管理委员会,地方国企
58,000156.SZ,000156,华数传媒,浙江,影视音像,hscm,主板,20000906,,
59,000157.SZ,000157,中联重科,湖南,工程机械,zlzk,主板,20001012,,
60,000158.SZ,000158,常山北明,河北,软件服务,csbm,主板,20000724,,
61,000159.SZ,000159,国际实业,新疆,石油贸易,gjsy,主板,20000926,冯建方,民营企业
62,000166.SZ,000166,申万宏源,新疆,证券,swhy,主板,20150126,,
63,000301.SZ,000301,东方盛虹,江苏,化纤,dfsh,主板,20000529,,
64,000333.SZ,000333,美的集团,广东,家用电器,mdjt,主板,20130918,,
65,000338.SZ,000338,潍柴动力,山东,汽车配件,wcdl,主板,20070430,,
66,000400.SZ,000400,许继电气,河南,电气设备,xjdq,主板,19970418,许昌市人民政府,地方国企
67,000401.SZ,000401,冀东水泥,河北,水泥,jdsn,主板,19960614,唐山市人民政府国有资产监督管理委员会,地方国企
68,000402.SZ,000402,金融街,北京,全国地产,jrj,主板,19960626,,
69,000403.SZ,000403,派林生物,山西,生物制药,plsw,主板,19960628,陕西省人民政府国有资产监督管理委员会,地方国企
70,000404.SZ,000404,长虹华意,江西,家用电器,chhy,主板,19960619,绵阳市国有资产监督管理委员会,地方国企
71,000407.SZ,000407,胜利股份,山东,供气供热,slgf,主板,19960703,许铁良,外资企业
72,000408.SZ,000408,藏格矿业,青海,农药化肥,zgky,主板,19960628,,
73,000409.SZ,000409,云鼎科技,山东,软件服务,ydkj,主板,19960627,,
74,000410.SZ,000410,沈阳机床,辽宁,机床制造,syjc,主板,19960718,国务院国有资产监督管理委员会,中央国企
75,000411.SZ,000411,英特集团,浙江,医药商业,ytjt,主板,19960716,,
76,000413.SZ,000413,ST旭电,河北,元器件,stxd,主板,19960925,,
77,000415.SZ,000415,渤海租赁,新疆,多元金融,bhzl,主板,19960716,无实际控制人,无
78,000417.SZ,000417,合百集团,安徽,百货,hbjt,主板,19960812,合肥市人民政府国有资产监督管理委员会,地方国企
79,000419.SZ,000419,通程控股,湖南,百货,tckg,主板,19960816,长沙市人民政府国有资产监督管理委员会,地方国企
80,000420.SZ,000420,吉林化纤,吉林,化纤,jlhx,主板,19960802,吉林省吉林市人民政府国有资产监督管理委员会,地方国企
81,000421.SZ,000421,南京公用,江苏,供气供热,njgy,主板,19960806,,
82,000422.SZ,000422,湖北宜化,湖北,农药化肥,hbyh,主板,19960815,宜昌市人民政府国有资产监督管理委员会,地方国企
83,000423.SZ,000423,东阿阿胶,山东,中成药,deej,主板,19960729,,
84,000425.SZ,000425,徐工机械,江苏,工程机械,xgjx,主板,19960828,徐州工程机械集团有限公司,地方国企
85,000426.SZ,000426,兴业银锡,内蒙,铅锌,xyyx,主板,19960828,,
86,000428.SZ,000428,华天酒店,湖南,酒店餐饮,htjd,主板,19960808,,
87,000429.SZ,000429,粤高速A,广东,路桥,ygsa,主板,19980220,,
88,000430.SZ,000430,张家界,湖南,旅游景点,zjj,主板,19960829,,
89,000488.SZ,000488,晨鸣纸业,山东,造纸,cmzy,主板,20001120,寿光市国有资产监督管理办公室,地方国企
90,000498.SZ,000498,山东路桥,山东,建筑工程,sdlq,主板,19970609,,
91,000501.SZ,000501,武商集团,湖北,百货,wsjt,主板,19921120,武汉市人民政府国有资产监督管理委员会,地方国企
92,000503.SZ,000503,国新健康,山东,软件服务,gxjk,主板,19921130,国务院国有资产监督管理委员会,中央国企
93,000504.SZ,000504,南华生物,湖南,医疗保健,nhsw,主板,19921208,,
94,000505.SZ,000505,京粮控股,海南,食品,jlkg,主板,19921221,,
95,000506.SZ,000506,*ST中润,山东,黄金,stzr,主板,19930312,,
96,000507.SZ,000507,珠海港,广东,港口,zhg,主板,19930326,珠海市人民政府国有资产监督管理委员会,地方国企
97,000509.SZ,000509,华塑控股,四川,元器件,hskg,主板,19930507,湖北省人民政府国有资产监督管理委员会,地方国企
98,000510.SZ,000510,新金路,四川,化工原料,xjl,主板,19930507,,
99,000513.SZ,000513,丽珠集团,广东,化学制药,lzjt,主板,19931028,朱保国,民营企业
100,000514.SZ,000514,渝开发,重庆,区域地产,ykf,主板,19930712,重庆市国有资产监督管理委员会,地方国企
101,000516.SZ,000516,国际医学,陕西,医疗保健,gjyx,主板,19930809,,
102,000517.SZ,000517,荣安地产,浙江,区域地产,radc,主板,19930806,王久芳,民营企业
103,000518.SZ,000518,四环生物,江苏,生物制药,shsw,主板,19930908,,
104,000519.SZ,000519,中兵红箭,湖南,专用机械,zbhj,主板,19931008,,
105,000520.SZ,000520,凤凰航运,湖北,水运,fhhy,主板,19931025,李杨,民营企业
106,000521.SZ,000521,长虹美菱,安徽,家用电器,chml,主板,19931018,绵阳市国有资产监督管理委员会,地方国企
107,000523.SZ,000523,红棉股份,广东,食品,hmgf,主板,19931108,,
108,000524.SZ,000524,岭南控股,广东,旅游服务,lnkg,主板,19931118,,
109,000525.SZ,000525,ST红太阳,江苏,农药化肥,sthty,主板,19931028,,
110,000526.SZ,000526,学大教育,福建,文教休闲,xdjy,主板,19931101,无实际控制人,无
111,000528.SZ,000528,柳工,广西,工程机械,lg,主板,19931118,,
112,000529.SZ,000529,广弘控股,广东,食品,ghkg,主板,19931118,,
113,000530.SZ,000530,冰山冷热,辽宁,机械基件,bslr,主板,19931208,大连市人民政府国有资产监督管理委员会,地方国企
114,000531.SZ,000531,穗恒运A,广东,火力发电,shya,主板,19940106,,
115,000532.SZ,000532,华金资本,广东,多元金融,hjzb,主板,19940103,珠海市人民政府国有资产监督管理委员会,地方国企
116,000533.SZ,000533,顺钠股份,广东,电气设备,sngf,主板,19940103,,
117,000534.SZ,000534,万泽股份,广东,生物制药,wzgf,主板,19940110,,
118,000536.SZ,000536,华映科技,福建,元器件,hykj,主板,19931126,福建省人民政府国有资产监督管理委员会,地方国企
119,000537.SZ,000537,中绿电,天津,新型电力,zld,主板,19931210,,
120,000538.SZ,000538,云南白药,云南,中成药,ynby,主板,19931215,,
121,000539.SZ,000539,粤电力A,广东,火力发电,ydla,主板,19931126,,
122,000541.SZ,000541,佛山照明,广东,家用电器,fszm,主板,19931123,广东省广晟控股集团有限公司,地方国企
123,000543.SZ,000543,皖能电力,安徽,火力发电,wndl,主板,19931220,,
124,000544.SZ,000544,中原环保,河南,环境保护,zyhb,主板,19931208,郑州市人民政府,地方国企
125,000545.SZ,000545,金浦钛业,吉林,化工原料,jpty,主板,19931215,,
126,000546.SZ,000546,金圆股份,吉林,环境保护,jygf,主板,19931215,江苏省政府国有资产监督管理委员会,地方国企
127,000547.SZ,000547,航天发展,福建,通信设备,htfz,主板,19931130,,
128,000548.SZ,000548,湖南投资,湖南,路桥,hntz,主板,19931220,长沙市人民政府国有资产监督管理委员会,地方国企
129,000550.SZ,000550,江铃汽车,江西,汽车整车,jlqc,主板,19931201,江西省南昌市人民政府国有资产监督管理委员会,地方国企
130,000551.SZ,000551,创元科技,江苏,专用机械,cykj,主板,19940106,苏州市人民政府,地方国企
131,000552.SZ,000552,甘肃能化,甘肃,煤炭开采,gsnh,主板,19940106,,
132,000553.SZ,000553,安道麦A,湖北,农药化肥,adma,主板,19931203,,
133,000554.SZ,000554,泰山石油,山东,石油贸易,tssy,主板,19931215,,
134,000555.SZ,000555,神州信息,深圳,软件服务,szxx,主板,19940408,无实际控制人,无
135,000557.SZ,000557,西部创业,宁夏,铁路,xbcy,主板,19940617,中华人民共和国财政部,中央国企
136,000558.SZ,000558,莱茵体育,四川,旅游景点,lyty,主板,19940509,成都市国有资产监督管理委员会,地方国企
137,000559.SZ,000559,万向钱潮,浙江,汽车配件,wxqc,主板,19940110,,
138,000560.SZ,000560,我爱我家,云南,房产服务,wawj,主板,19940202,,
139,000561.SZ,000561,烽火电子,陕西,通信设备,fhdz,主板,19940509,宝鸡市人民政府国有资产监督管理委员会,地方国企
140,000563.SZ,000563,陕国投A,陕西,多元金融,sgta,主板,19940110,,
141,000564.SZ,000564,供销大集,陕西,百货,gxdj,主板,19940110,无实际控制人,无
142,000565.SZ,000565,渝三峡A,重庆,染料涂料,ysxa,主板,19940408,重庆市国有资产监督管理委员会,地方国企
143,000566.SZ,000566,海南海药,海南,化学制药,hnhy,主板,19940525,国务院国有资产监督管理委员会,中央国企
144,000567.SZ,000567,海德股份,海南,多元金融,hdgf,主板,19940525,,
145,000568.SZ,000568,泸州老窖,四川,白酒,lzlj,主板,19940509,泸州市国有资产监督管理委员会,地方国企
146,000570.SZ,000570,苏常柴A,江苏,农用机械,scca,主板,19940701,常州市人民政府国有资产监督管理委员会,地方国企
147,000571.SZ,000571,新大洲A,海南,煤炭开采,xdza,主板,19940525,王文锋,民营企业
148,000572.SZ,000572,海马汽车,海南,汽车整车,hmqc,主板,19940808,,
149,000573.SZ,000573,粤宏远A,广东,电气设备,yhya,主板,19940815,,
150,000576.SZ,000576,甘化科工,广东,电气设备,ghkg,主板,19940907,,
151,000581.SZ,000581,威孚高科,江苏,汽车配件,wfgk,主板,19980924,无锡市人民政府国有资产监督管理委员会,地方国企
152,000582.SZ,000582,北部湾港,广西,港口,bbwg,主板,19951102,,
153,000584.SZ,000584,*ST工智,江苏,专用机械,stgz,主板,19951128,,
154,000586.SZ,000586,汇源通信,四川,通信设备,hytx,主板,19951220,广州蕙富骐骥投资合伙企业(有限合伙),无
155,000589.SZ,000589,贵州轮胎,贵州,汽车配件,gzlt,主板,19960308,贵阳市人民政府国有资产监督管理委员会,地方国企
156,000590.SZ,000590,启迪药业,湖南,中成药,qdyy,主板,19960119,无实际控制人,无
157,000591.SZ,000591,太阳能,重庆,新型电力,tyn,主板,19960208,重庆市涪陵区国有资产监督管理委员会,地方国企
158,000592.SZ,000592,平潭发展,福建,林业,ptfz,主板,19960327,王志明,民营企业
159,000593.SZ,000593,德龙汇能,四川,供气供热,dlhn,主板,19960312,,
160,000595.SZ,000595,宝塔实业,宁夏,机械基件,btsy,主板,19960419,宁夏回族自治区人民政府,地方国企
161,000596.SZ,000596,古井贡酒,安徽,白酒,gjgj,主板,19960927,毫州市人民政府,地方国企
162,000597.SZ,000597,东北制药,辽宁,化学制药,dbzy,主板,19960523,,
163,000598.SZ,000598,兴蓉环境,四川,水务,xrhj,主板,19960529,成都市国有资产监督管理委员会,地方国企
164,000599.SZ,000599,青岛双星,山东,汽车配件,qdsx,主板,19960430,青岛市人民政府国有资产监督管理委员会,地方国企
165,000600.SZ,000600,建投能源,河北,火力发电,jtny,主板,19960606,,
166,000601.SZ,000601,韶能股份,广东,水力发电,sngf,主板,19960830,,
167,000603.SZ,000603,盛达资源,北京,铅锌,sdzy,主板,19960823,,
168,000605.SZ,000605,渤海股份,北京,水务,bhgf,主板,19960913,天津市人民政府国有资产监督管理委员会,地方国企
169,000607.SZ,000607,华媒控股,浙江,广告包装,hmkg,主板,19960830,杭州日报报业集团(杭州日报社),地方国企
170,000608.SZ,000608,阳光股份,广西,区域地产,yggf,主板,19960919,陈华,民营企业
171,000609.SZ,000609,*ST中迪,北京,区域地产,stzd,主板,19961010,吴珺,民营企业
172,000610.SZ,000610,西安旅游,陕西,旅游服务,xaly,主板,19960926,西安市人民政府,地方国企
173,000612.SZ,000612,焦作万方,河南,铝,jzwf,主板,19960926,,
174,000615.SZ,000615,ST美谷,湖北,医疗保健,stmg,主板,19961016,郭梓文,民营企业
175,000617.SZ,000617,中油资本,新疆,多元金融,zyzb,主板,19961022,,
176,000619.SZ,000619,海螺新材,安徽,其他建材,hlxc,主板,19961023,,
177,000620.SZ,000620,新华联,北京,全国地产,xhl,主板,19961029,,
178,000622.SZ,000622,*ST恒立,湖南,批发业,sthl,主板,19961107,马伟进,民营企业
179,000623.SZ,000623,吉林敖东,吉林,中成药,jlad,主板,19961028,,
180,000625.SZ,000625,长安汽车,重庆,汽车整车,caqc,主板,19970610,,
181,000626.SZ,000626,远大控股,江苏,商贸代理,ydkg,主板,19961128,,
182,000627.SZ,000627,天茂集团,湖北,保险,tmjt,主板,19961112,,
183,000628.SZ,000628,高新发展,四川,建筑工程,gxfz,主板,19961118,,
184,000629.SZ,000629,钒钛股份,四川,小金属,ftgf,主板,19961115,,
185,000630.SZ,000630,铜陵有色,安徽,铜,tlys,主板,19961120,,
186,000631.SZ,000631,顺发恒业,浙江,综合类,sfhy,主板,19961122,,
187,000632.SZ,000632,三木集团,福建,综合类,smjt,主板,19961121,福州经济技术开发区财政局,地方国企
188,000633.SZ,000633,合金投资,新疆,小金属,hjtz,主板,19961112,孙广信,民营企业
189,000635.SZ,000635,英力特,宁夏,化工原料,ylt,主板,19961120,,
190,000636.SZ,000636,风华高科,广东,元器件,fhgk,主板,19961129,,
191,000637.SZ,000637,茂化实华,广东,石油加工,mhsh,主板,19961114,,
192,000638.SZ,000638,万方发展,吉林,农业综合,wffz,主板,19961126,白山市江源区财政局,地方国企
193,000639.SZ,000639,西王食品,山东,食品,xwsp,主板,19961126,王勇,民营企业
194,000650.SZ,000650,仁和药业,江西,中成药,rhyy,主板,19961210,,
195,000651.SZ,000651,格力电器,广东,家用电器,gldq,主板,19961118,珠海市人民政府国有资产监督管理委员会,地方国企
196,000652.SZ,000652,泰达股份,天津,批发业,tdgf,主板,19961128,,
197,000655.SZ,000655,金岭矿业,山东,普钢,jlky,主板,19961128,,
198,000656.SZ,000656,*ST金科,重庆,全国地产,stjk,主板,19961128,,
199,000657.SZ,000657,中钨高新,海南,小金属,zwgx,主板,19961205,,
200,000659.SZ,000659,珠海中富,广东,广告包装,zhzf,主板,19961203,陕西新丝路进取一号投资合伙企业(有限合伙),民营企业
201,000661.SZ,000661,长春高新,吉林,生物制药,ccgx,主板,19961218,长春市人民政府,地方国企
202,000663.SZ,000663,永安林业,福建,林业,yaly,主板,19961206,国务院国有资产监督管理委员会,中央国企
203,000665.SZ,000665,湖北广电,湖北,影视音像,hbgd,主板,19961210,,
204,000668.SZ,000668,荣丰控股,山东,房产服务,rfkg,主板,19961210,王征,外资企业
205,000669.SZ,000669,ST金鸿,吉林,供气供热,stjh,主板,19961210,,
206,000670.SZ,000670,盈方微,湖北,元器件,yfw,主板,19961217,陈炎表,民营企业
207,000672.SZ,000672,上峰水泥,甘肃,水泥,sfsn,主板,19961218,,
208,000676.SZ,000676,智度股份,广东,互联网,zdgf,主板,19961224,李向清,民营企业
209,000677.SZ,000677,恒天海龙,山东,化纤,hthl,主板,19961226,潍坊市人民政府,地方国企
210,000678.SZ,000678,襄阳轴承,湖北,汽车配件,xyzc,主板,19970106,,
211,000679.SZ,000679,大连友谊,辽宁,百货,dlyy,主板,19970124,大连一方地产有限公司,民营企业
212,000680.SZ,000680,山推股份,山东,工程机械,stgf,主板,19970122,,
213,000681.SZ,000681,视觉中国,江苏,互联网,sjzg,主板,19970121,吴春红,民营企业
214,000682.SZ,000682,东方电子,山东,电气设备,dfdz,主板,19970121,山东省烟台市人民政府国有资产监督管理委员会,地方国企
215,000683.SZ,000683,远兴能源,内蒙,化工原料,yxny,主板,19970131,,
216,000685.SZ,000685,中山公用,广东,水务,zsgy,主板,19970123,中山市人民政府国有资产监督管理委员会,地方国企
217,000686.SZ,000686,东北证券,吉林,证券,dbzq,主板,19970227,长春市人民政府国有资产监督管理委员会,地方国企
218,000688.SZ,000688,国城矿业,四川,铅锌,gcky,主板,19970120,,
219,000690.SZ,000690,宝新能源,广东,火力发电,bxny,主板,19970128,,
220,000691.SZ,000691,亚太实业,甘肃,化工原料,ytsy,主板,19970228,陈志健,民营企业
221,000692.SZ,000692,惠天热电,辽宁,供气供热,htrd,主板,19970227,无实际控制人,无
222,000695.SZ,000695,滨海能源,天津,广告包装,bhny,主板,19970218,天津市文化体制改革和发展工作领导小组办公室,地方国企
223,000697.SZ,000697,炼石航空,陕西,航空,lshk,主板,19970325,咸阳市国有资产监督管理委员会,地方国企
224,000698.SZ,000698,沈阳化工,辽宁,石油加工,syhg,主板,19970220,,
225,000700.SZ,000700,模塑科技,江苏,汽车配件,mskj,主板,19970228,,
226,000701.SZ,000701,厦门信达,福建,商贸代理,xmxd,主板,19970226,厦门市人民政府国有资产监督管理委员会,地方国企
227,000702.SZ,000702,正虹科技,湖南,饲料,zhkj,主板,19970318,岳阳城陵矶综合保税区管理委员会,地方国企
228,000703.SZ,000703,恒逸石化,广西,化纤,hysh,主板,19970328,,
229,000705.SZ,000705,浙江震元,浙江,医药商业,zjzy,主板,19970410,绍兴市人民政府国有资产监督管理委员会,地方国企
230,000707.SZ,000707,双环科技,湖北,化工原料,shkj,主板,19970415,宜昌市人民政府国有资产监督管理委员会,地方国企
231,000708.SZ,000708,中信特钢,湖北,特种钢,zxtg,主板,19970326,中信泰富有限公司,民营企业
232,000709.SZ,000709,河钢股份,河北,普钢,hggf,主板,19970416,,
233,000710.SZ,000710,贝瑞基因,四川,医疗保健,brjy,主板,19970422,,
234,000711.SZ,000711,*ST京蓝,黑龙江,环境保护,stjl,主板,19970411,,
235,000712.SZ,000712,锦龙股份,广东,证券,jlgf,主板,19970415,,
236,000713.SZ,000713,丰乐种业,安徽,种植业,flzy,主板,19970422,合肥市人民政府国有资产监督管理委员会,地方国企
237,000715.SZ,000715,中兴商业,辽宁,百货,zxsy,主板,19970508,,
238,000716.SZ,000716,黑芝麻,广西,食品,hzm,主板,19970418,李汉荣,民营企业
239,000717.SZ,000717,中南股份,广东,普钢,zngf,主板,19970508,,
240,000718.SZ,000718,苏宁环球,吉林,区域地产,snhq,主板,19970408,,
241,000719.SZ,000719,中原传媒,河南,出版业,zycm,主板,19970331,,
242,000720.SZ,000720,新能泰山,山东,电气设备,xnts,主板,19970509,,
243,000721.SZ,000721,西安饮食,陕西,酒店餐饮,xays,主板,19970430,,
244,000722.SZ,000722,湖南发展,湖南,其他建材,hnfz,主板,19970522,,
245,000723.SZ,000723,美锦能源,山西,焦炭加工,mjny,主板,19970515,,
246,000725.SZ,000725,京东方A,北京,元器件,jdfa,主板,20010112,,
247,000726.SZ,000726,鲁泰A,山东,纺织,lta,主板,20001225,刘子斌,民营企业
248,000727.SZ,000727,冠捷科技,江苏,元器件,gjkj,主板,19970520,,
249,000728.SZ,000728,国元证券,安徽,证券,gyzq,主板,19970616,,
250,000729.SZ,000729,燕京啤酒,北京,啤酒,yjpj,主板,19970716,,
251,000731.SZ,000731,四川美丰,四川,农药化肥,scmf,主板,19970617,,
252,000733.SZ,000733,振华科技,贵州,元器件,zhkj,主板,19970703,,
253,000735.SZ,000735,罗牛山,海南,农业综合,lns,主板,19970611,徐自力,民营企业
254,000736.SZ,000736,中交地产,重庆,全国地产,zjdc,主板,19970425,重庆市国有资产监督管理委员会,地方国企
255,000737.SZ,000737,北方铜业,山西,铜,bfty,主板,19970428,,
256,000738.SZ,000738,航发控制,江苏,航空,hfkz,主板,19970626,中国航空发动机集团有限公司,中央国企
257,000739.SZ,000739,普洛药业,浙江,化学制药,plyy,主板,19970509,东阳市横店社团经济企业联合会,集体企业
258,000750.SZ,000750,国海证券,广西,证券,ghzq,主板,19970709,广西壮族自治区人民政府国有资产监督管理委员会,地方国企
259,000751.SZ,000751,锌业股份,辽宁,铅锌,xygf,主板,19970626,于跃,民营企业
260,000752.SZ,000752,ST西发,西藏,啤酒,stxf,主板,19970625,罗希,民营企业
261,000753.SZ,000753,漳州发展,福建,综合类,zzfz,主板,19970626,,
262,000755.SZ,000755,山西高速,山西,路桥,sxgs,主板,19970627,,
263,000756.SZ,000756,新华制药,山东,化学制药,xhzy,主板,19970806,,
264,000757.SZ,000757,浩物股份,四川,汽车服务,hwgf,主板,19970627,张荣华,民营企业
265,000758.SZ,000758,中色股份,北京,铅锌,zsgf,主板,19970416,,
266,000759.SZ,000759,中百集团,湖北,超市连锁,zbjt,主板,19970519,武汉市人民政府国有资产监督管理委员会,地方国企
267,000761.SZ,000761,本钢板材,辽宁,普钢,bgbc,主板,19980115,辽宁省人民政府国有资产监督管理委员会,地方国企
268,000762.SZ,000762,西藏矿业,西藏,小金属,xzky,主板,19970708,国务院国有资产监督管理委员会,中央国企
269,000766.SZ,000766,通化金马,吉林,化学制药,thjm,主板,19970430,通化市二道江区人民政府,地方国企
270,000767.SZ,000767,晋控电力,山西,火力发电,jkdl,主板,19970609,,
271,000768.SZ,000768,中航西飞,陕西,航空,zhxf,主板,19970626,中国航空工业集团有限公司,中央国企
272,000776.SZ,000776,广发证券,广东,证券,gfzq,主板,19970611,,
273,000777.SZ,000777,中核科技,江苏,机械基件,zhkj,主板,19970710,,
274,000778.SZ,000778,新兴铸管,河北,钢加工,xxzg,主板,19970606,,
275,000779.SZ,000779,甘咨询,甘肃,建筑工程,gzx,主板,19970528,,
276,000782.SZ,000782,恒申新材,广东,化纤,hsxc,主板,19970619,,
277,000783.SZ,000783,长江证券,湖北,证券,cjzq,主板,19970731,,
278,000785.SZ,000785,居然之家,湖北,百货,jrzj,主板,19970711,武汉市人民政府国有资产监督管理委员会,地方国企
279,000786.SZ,000786,北新建材,北京,其他建材,bxjc,主板,19970606,,
280,000788.SZ,000788,北大医药,重庆,化学制药,bdyy,主板,19970616,无实际控制人,无
281,000789.SZ,000789,万年青,江西,水泥,wnq,主板,19970923,江西省国有资产监督管理委员会,地方国企
282,000790.SZ,000790,华神科技,四川,中成药,hskj,主板,19980327,黄明良,民营企业
283,000791.SZ,000791,甘肃能源,甘肃,水力发电,gsny,主板,19971014,,
284,000792.SZ,000792,盐湖股份,青海,农药化肥,yhgf,主板,19970904,,
285,000793.SZ,000793,华闻集团,海南,出版业,hwjt,主板,19970729,中华人民共和国财政部,中央国企
286,000795.SZ,000795,英洛华,浙江,矿物制品,ylh,主板,19970808,东阳市横店社团经济企业联合会,集体企业
287,000796.SZ,000796,ST凯撒,海南,旅游服务,stks,主板,19970703,陈小兵,民营企业
288,000797.SZ,000797,中国武夷,福建,全国地产,zgwy,主板,19970715,,
289,000798.SZ,000798,中水渔业,北京,渔业,zsyy,主板,19980212,,
290,000799.SZ,000799,酒鬼酒,湖南,白酒,jgj,主板,19970718,,
291,000800.SZ,000800,一汽解放,吉林,汽车整车,yqjf,主板,19970618,,
292,000801.SZ,000801,四川九洲,四川,家用电器,scjz,主板,19980506,绵阳市国有资产监督管理委员会,地方国企
293,000802.SZ,000802,北京文化,北京,影视音像,bjwh,主板,19980108,,
294,000803.SZ,000803,山高环能,四川,环境保护,sghn,主板,19980303,南充市国有资产投资经营有限责任公司,地方国企
295,000807.SZ,000807,云铝股份,云南,铝,ylgf,主板,19980408,,
296,000809.SZ,000809,*ST和展,辽宁,区域地产,sthz,主板,19980616,,
297,000810.SZ,000810,创维数字,四川,家用电器,cwsz,主板,19980602,黄宏生,民营企业
298,000811.SZ,000811,冰轮环境,山东,工程机械,blhj,主板,19980528,,
299,000812.SZ,000812,陕西金叶,陕西,广告包装,sxjy,主板,19980623,,
300,000813.SZ,000813,德展健康,新疆,化学制药,dzjk,主板,19980519,新疆维吾尔自治区人民政府国有资产监督管理委员会,地方国企
301,000815.SZ,000815,美利云,宁夏,造纸,mly,主板,19980609,,
302,000816.SZ,000816,智慧农业,江苏,农用机械,zhny,主板,19970818,,
303,000818.SZ,000818,航锦科技,辽宁,化工原料,hjkj,主板,19971017,葫芦岛市人民政府国有资产监督管理委员会,地方国企
304,000819.SZ,000819,岳阳兴长,湖南,石油加工,yyxc,主板,19970625,,
305,000820.SZ,000820,神雾节能,江西,综合类,swjn,主板,19980630,,
306,000821.SZ,000821,京山轻机,湖北,电气设备,jsqj,主板,19980626,,
307,000822.SZ,000822,山东海化,山东,化工原料,sdhh,主板,19980703,山东省潍坊市人民政府国有资产监督管理委员会,地方国企
308,000823.SZ,000823,超声电子,广东,元器件,csdz,主板,19971008,,
309,000825.SZ,000825,太钢不锈,山西,特种钢,tgbx,主板,19981021,国务院国有资产监督管理委员会,中央国企
310,000826.SZ,000826,启迪环境,湖北,环境保护,qdhj,主板,19980225,无实际控制人,无
311,000828.SZ,000828,东莞控股,广东,路桥,dgkg,主板,19970617,,
312,000829.SZ,000829,天音控股,江西,其他商业,tykg,主板,19971202,深圳市人民政府国有资产监督管理委员会,地方国企
313,000830.SZ,000830,鲁西化工,山东,化工原料,lxhg,主板,19980807,国务院国有资产监督管理委员会,中央国企
314,000831.SZ,000831,中国稀土,江西,小金属,zgxt,主板,19980911,国务院国有资产监督管理委员会,中央国企
315,000833.SZ,000833,粤桂股份,广西,综合类,yggf,主板,19981111,,
316,000837.SZ,000837,秦川机床,陕西,机床制造,qcjc,主板,19980928,,
317,000838.SZ,000838,财信发展,重庆,区域地产,cxfz,主板,19970626,北京电力实业开发有限责任公司,无
318,000839.SZ,000839,中信国安,北京,综合类,zxga,主板,19971031,,
319,000848.SZ,000848,承德露露,河北,软饮料,cdll,主板,19971113,,
320,000850.SZ,000850,华茂股份,安徽,纺织,hmgf,主板,19981007,,
321,000851.SZ,000851,ST高鸿,贵州,通信设备,stgh,主板,19980609,无实际控制人,无
322,000852.SZ,000852,石化机械,湖北,化工机械,shjx,主板,19981126,,
323,000856.SZ,000856,冀东装备,河北,专用机械,jdzb,主板,19980813,唐山市人民政府国有资产监督管理委员会,地方国企
324,000858.SZ,000858,五粮液,四川,白酒,wly,主板,19980427,宜宾发展控股集团有限公司,地方国企
325,000859.SZ,000859,国风新材,安徽,塑料,gfxc,主板,19981119,合肥市人民政府国有资产监督管理委员会,地方国企
326,000860.SZ,000860,顺鑫农业,北京,白酒,sxny,主板,19981104,,
327,000861.SZ,000861,海印股份,广东,其他商业,hygf,主板,19981028,邵建明,民营企业
328,000862.SZ,000862,银星能源,宁夏,新型电力,yxny,主板,19980915,,
329,000863.SZ,000863,三湘印象,上海,区域地产,sxyx,主板,19970925,,
330,000868.SZ,000868,安凯客车,安徽,汽车整车,akkc,主板,19970725,,
331,000869.SZ,000869,张裕A,山东,红黄酒,zya,主板,20001026,张裕集团及本公司中层以上员工26人,无
332,000875.SZ,000875,吉电股份,吉林,火力发电,jdgf,主板,20020926,,
333,000876.SZ,000876,新希望,四川,饲料,xxw,主板,19980311,,
334,000877.SZ,000877,天山股份,新疆,水泥,tsgf,主板,19990107,国务院国有资产监督管理委员会,中央国企
335,000878.SZ,000878,云南铜业,云南,铜,ynty,主板,19980602,,
336,000880.SZ,000880,潍柴重机,山东,专用机械,wczj,主板,19980402,,
337,000881.SZ,000881,中广核技,辽宁,化工原料,zghj,主板,19980902,大连市人民政府国有资产监督管理委员会,地方国企
338,000882.SZ,000882,华联股份,北京,其他商业,hlgf,主板,19980616,,
339,000883.SZ,000883,湖北能源,湖北,水力发电,hbny,主板,19980519,,
340,000885.SZ,000885,城发环境,河南,环境保护,cfhj,主板,19990319,西安海拓普(集团)股份有限公司,无
341,000886.SZ,000886,海南高速,海南,区域地产,hngs,主板,19980123,海南省国有资产监督管理委员会,地方国企
342,000887.SZ,000887,中鼎股份,安徽,汽车配件,zdgf,主板,19981203,夏鼎湖,民营企业
343,000888.SZ,000888,峨眉山A,四川,旅游景点,emsa,主板,19971021,四川省峨眉山乐山大佛旅游集团有限公司,地方国企
344,000889.SZ,000889,ST中嘉,河北,通信设备,stzj,主板,19971218,吴鹰,民营企业
345,000890.SZ,000890,法尔胜,江苏,环境保护,fes,主板,19990119,周江,民营企业
346,000892.SZ,000892,欢瑞世纪,重庆,影视音像,hrsj,主板,19990115,赵枳程,民营企业
347,000893.SZ,000893,亚钾国际,广东,农药化肥,yjgj,主板,19981224,无实际控制人,无
348,000895.SZ,000895,双汇发展,河南,食品,shfz,主板,19981210,兴泰集团有限公司,外资企业
349,000897.SZ,000897,津滨发展,天津,区域地产,jbfz,主板,19990422,,
350,000898.SZ,000898,鞍钢股份,辽宁,普钢,aggf,主板,19971225,,
351,000899.SZ,000899,赣能股份,江西,火力发电,gngf,主板,19971126,江西省国有资产监督管理委员会,地方国企
352,000900.SZ,000900,现代投资,湖南,路桥,xdtz,主板,19990128,,
353,000901.SZ,000901,航天科技,黑龙江,汽车配件,htkj,主板,19990401,,
354,000902.SZ,000902,新洋丰,湖北,农药化肥,xyf,主板,19990408,,
355,000903.SZ,000903,云内动力,云南,汽车配件,yndl,主板,19990415,,
356,000905.SZ,000905,厦门港务,福建,港口,xmgw,主板,19990429,厦门市人民政府国有资产监督管理委员会,地方国企
357,000906.SZ,000906,浙商中拓,浙江,仓储物流,zszt,主板,19990707,,
358,000908.SZ,000908,*ST景峰,湖南,化学制药,stjf,主板,19990203,徐欢霞,民营企业
359,000909.SZ,000909,ST数源,浙江,区域地产,stsy,主板,19990507,杭州市人民政府,地方国企
360,000910.SZ,000910,大亚圣象,江苏,家居用品,dysx,主板,19990630,陈建军,民营企业
361,000911.SZ,000911,广农糖业,广西,食品,gnty,主板,19990527,,
362,000912.SZ,000912,泸天化,四川,农药化肥,lth,主板,19990603,四川省政府国有资产监督管理委员会,地方国企
363,000913.SZ,000913,钱江摩托,浙江,摩托车,qjmt,主板,19990514,,
364,000915.SZ,000915,华特达因,山东,化学制药,htdy,主板,19990609,山东省人民政府国有资产监督管理委员会,地方国企
365,000917.SZ,000917,电广传媒,湖南,广告包装,dgcm,主板,19990325,,
366,000919.SZ,000919,金陵药业,江苏,化学制药,jlyy,主板,19991118,,
367,000920.SZ,000920,沃顿科技,贵州,塑料,wdkj,主板,19990616,,
368,000921.SZ,000921,海信家电,广东,家用电器,hxjd,主板,19990713,青岛市人民政府国有资产监督管理委员会,地方国企
369,000922.SZ,000922,佳电股份,黑龙江,电气设备,jdgf,主板,19990618,国务院国有资产监督管理委员会,中央国企
370,000923.SZ,000923,河钢资源,河北,普钢,hgzy,主板,19990714,,
371,000925.SZ,000925,众合科技,浙江,运输设备,zhkj,主板,19990611,无实际控制人,无
372,000926.SZ,000926,福星股份,湖北,区域地产,fxgf,主板,19990618,,
373,000927.SZ,000927,中国铁物,天津,仓储物流,zgtw,主板,19990727,,
374,000928.SZ,000928,中钢国际,吉林,建筑工程,zggj,主板,19990312,,
375,000929.SZ,000929,兰州黄河,甘肃,啤酒,lzhh,主板,19990623,,
376,000930.SZ,000930,中粮科技,安徽,农业综合,zlkj,主板,19990712,,
377,000931.SZ,000931,中关村,北京,化学制药,zgc,主板,19990712,黄光裕,外资企业
378,000932.SZ,000932,华菱钢铁,湖南,普钢,hlgt,主板,19990803,,
379,000933.SZ,000933,神火股份,河南,铝,shgf,主板,19990831,,
380,000935.SZ,000935,四川双马,四川,水泥,scsm,主板,19990824,,
381,000936.SZ,000936,华西股份,江苏,化纤,hxgf,主板,19990810,,
382,000937.SZ,000937,冀中能源,河北,煤炭开采,jzny,主板,19990909,,
383,000938.SZ,000938,紫光股份,北京,IT设备,zggf,主板,19991104,中华人民共和国财政部,中央国企
384,000948.SZ,000948,南天信息,云南,软件服务,ntxx,主板,19991014,,
385,000949.SZ,000949,新乡化纤,河南,化纤,xxhx,主板,19991021,,
386,000950.SZ,000950,重药控股,重庆,医药商业,cykg,主板,19990916,重庆市国有资产监督管理委员会,地方国企
387,000951.SZ,000951,中国重汽,山东,汽车整车,zgzq,主板,19991125,济南市人民政府国有资产监督管理委员会,地方国企
388,000952.SZ,000952,广济药业,湖北,化学制药,gjyy,主板,19991112,武穴市财政局(武穴市人民政府国有资产监督管理局),地方国企
389,000953.SZ,000953,河化股份,广西,化学制药,hhgf,主板,19991202,熊续强,外资企业
390,000955.SZ,000955,欣龙控股,海南,纺织,xlkg,主板,19991209,王林江,民营企业
391,000957.SZ,000957,中通客车,山东,汽车整车,ztkc,主板,20000113,山东省人民政府国有资产监督管理委员会,地方国企
392,000958.SZ,000958,电投产融,河北,多元金融,dtcr,主板,19991223,,
393,000959.SZ,000959,首钢股份,北京,普钢,sggf,主板,19991216,,
394,000960.SZ,000960,锡业股份,云南,小金属,xygf,主板,20000221,,
395,000962.SZ,000962,东方钽业,宁夏,小金属,dfty,主板,20000120,,
396,000963.SZ,000963,华东医药,浙江,化学制药,hdyy,主板,20000127,,
397,000965.SZ,000965,天保基建,天津,区域地产,tbjj,主板,20000406,天津港保税区国有资产监督管理局,地方国企
398,000966.SZ,000966,长源电力,湖北,火力发电,cydl,主板,20000316,,
399,000967.SZ,000967,盈峰环境,浙江,环境保护,yfhj,主板,20000330,,
400,000968.SZ,000968,蓝焰控股,山西,石油开采,lykg,主板,20000622,,
401,000969.SZ,000969,安泰科技,北京,小金属,atkj,主板,20000529,,
402,000970.SZ,000970,中科三环,北京,矿物制品,zksh,主板,20000420,,
403,000972.SZ,000972,中基健康,新疆,食品,zjjk,主板,20000926,Veronique Bibi,外资企业
404,000973.SZ,000973,佛塑科技,广东,塑料,fskj,主板,20000525,佛山市人民政府国有资产监督管理委员会,地方国企
405,000975.SZ,000975,山金国际,内蒙,黄金,sjgj,主板,20000608,山东省人民政府国有资产监督管理委员会,地方国企
406,000977.SZ,000977,浪潮信息,山东,IT设备,lcxx,主板,20000608,,
407,000978.SZ,000978,桂林旅游,广西,旅游景点,glly,主板,20000518,广西壮族自治区桂林市人民政府,地方国企
408,000980.SZ,000980,众泰汽车,浙江,汽车配件,ztqc,主板,20000616,无实际控制人,无
409,000981.SZ,000981,山子高科,甘肃,汽车配件,szgk,主板,20000622,熊续强,外资企业
410,000983.SZ,000983,山西焦煤,山西,煤炭开采,sxjm,主板,20000726,,
411,000985.SZ,000985,大庆华科,黑龙江,化工原料,dqhk,主板,20000726,,
412,000987.SZ,000987,越秀资本,广东,多元金融,yxzb,主板,20000718,,
413,000988.SZ,000988,华工科技,湖北,专用机械,hgkj,主板,20000608,武汉市人民政府国有资产监督管理委员会,地方国企
414,000989.SZ,000989,ST九芝,湖南,中成药,stjz,主板,20000628,,
415,000990.SZ,000990,诚志股份,江西,化工原料,czgf,主板,20000706,青岛西海岸新区国有资产管理局,地方国企
416,000993.SZ,000993,闽东电力,福建,水力发电,mddl,主板,20000731,宁德市人民政府国有资产监督管理委员会,地方国企
417,000995.SZ,000995,皇台酒业,甘肃,白酒,htjy,主板,20000807,,
418,000997.SZ,000997,新大陆,福建,IT设备,xdl,主板,20000807,,
419,000998.SZ,000998,隆平高科,湖南,种植业,lpgk,主板,20001211,,
420,000999.SZ,000999,华润三九,深圳,中成药,hrsj,主板,20000309,,
421,001201.SZ,001201,东瑞股份,广东,农业综合,drgf,主板,20210428,袁建康,民营企业
422,001202.SZ,001202,炬申股份,广东,仓储物流,jsgf,主板,20210429,雷琦,民营企业
423,001203.SZ,001203,大中矿业,内蒙,普钢,dzky,主板,20210510,,
424,001205.SZ,001205,盛航股份,江苏,水运,shgf,主板,20210513,李桃元,民营企业
425,001206.SZ,001206,依依股份,天津,造纸,yygf,主板,20210518,高福忠,民营企业
426,001207.SZ,001207,联科科技,山东,化工原料,lkkj,主板,20210623,吴晓林,民营企业
427,001208.SZ,001208,华菱线缆,湖南,电气设备,hlxl,主板,20210624,湖南省人民政府国有资产监督管理委员会,地方国企
428,001209.SZ,001209,洪兴股份,广东,服饰,hxgf,主板,20210723,郭梧文,民营企业
429,001210.SZ,001210,金房能源,北京,供气供热,jfny,主板,20210729,杨建勋,民营企业
430,001211.SZ,001211,双枪科技,浙江,家居用品,sqkj,主板,20210805,郑承烈,民营企业
431,001212.SZ,001212,中旗新材,广东,其他建材,zqxc,主板,20210823,周军,民营企业
432,001213.SZ,001213,中铁特货,北京,铁路,ztth,主板,20210908,中国国家铁路集团有限公司,中央国企
433,001215.SZ,001215,千味央厨,河南,食品,qwyc,主板,20210906,李伟,民营企业
434,001216.SZ,001216,华瓷股份,湖南,家居用品,hcgf,主板,20211019,许君奇,民营企业
435,001217.SZ,001217,华尔泰,安徽,化工原料,het,主板,20210929,吴李杰,民营企业
436,001218.SZ,001218,丽臣实业,湖南,化工原料,lcsy,主板,20211015,贾齐正,民营企业
437,001219.SZ,001219,青岛食品,山东,食品,qdsp,主板,20211021,青岛华通国有资本投资运营集团有限公司,地方国企
438,001222.SZ,001222,源飞宠物,浙江,文教休闲,yfcw,主板,20220818,庄明允,民营企业
439,001223.SZ,001223,欧克科技,江西,专用机械,okkj,主板,20221212,胡甫晟,民营企业
440,001225.SZ,001225,和泰机电,浙江,专用机械,htjd,主板,20230222,徐青,民营企业
441,001226.SZ,001226,拓山重工,安徽,工程机械,tszg,主板,20220622,徐杨顺,民营企业
442,001227.SZ,001227,兰州银行,甘肃,银行,lzyh,主板,20220117,,
443,001228.SZ,001228,永泰运,浙江,仓储物流,yty,主板,20220429,陈永夫,民营企业
444,001229.SZ,001229,魅视科技,广东,IT设备,mskj,主板,20220808,方华,民营企业
445,001230.SZ,001230,劲旅环境,安徽,环境保护,jlhj,主板,20220715,于晓霞,民营企业
446,001231.SZ,001231,农心科技,陕西,农药化肥,nxkj,主板,20220819,郑敬敏,民营企业
447,001234.SZ,001234,泰慕士,江苏,服饰,tms,主板,20220111,陆彪,民营企业
448,001236.SZ,001236,弘业期货,江苏,多元金融,hyqh,主板,20220805,江苏省政府国有资产监督管理委员会,地方国企
449,001238.SZ,001238,浙江正特,浙江,家居用品,zjzt,主板,20220919,陈永辉,民营企业
450,001239.SZ,001239,永达股份,湖南,工程机械,ydgf,主板,20231212,沈培良,民营企业
451,001255.SZ,001255,博菲电气,浙江,新型电力,bfdq,主板,20220930,陆云峰,民营企业
452,001256.SZ,001256,炜冈科技,浙江,轻工机械,wgkj,主板,20221205,周炳松,民营企业
453,001258.SZ,001258,立新能源,新疆,新型电力,lxny,主板,20220727,新疆维吾尔自治区人民政府国有资产监督管理委员会,地方国企
454,001259.SZ,001259,利仁科技,北京,家用电器,lrkj,主板,20220831,宋老亮,民营企业
455,001260.SZ,001260,坤泰股份,山东,汽车配件,ktgf,主板,20230216,张明,民营企业
456,001266.SZ,001266,宏英智能,上海,电器仪表,hyzn,主板,20220228,张化宏,民营企业
457,001267.SZ,001267,汇绿生态,湖北,建筑工程,hlst,主板,20211117,武汉市人民政府国有资产监督管理委员会,地方国企
458,001268.SZ,001268,联合精密,广东,机械基件,lhjm,主板,20220630,何俊桦,民营企业
459,001269.SZ,001269,欧晶科技,内蒙,矿物制品,ojkj,主板,20220930,无实际控制人,无
460,001270.SZ,001270,铖昌科技,浙江,半导体,cckj,主板,20220606,刘建伟,民营企业
461,001277.SZ,001277,速达股份,河南,专用机械,sdgf,主板,20240903,,
462,001278.SZ,001278,一彬科技,浙江,汽车配件,ybkj,主板,20230308,王建华,民营企业
463,001282.SZ,001282,三联锻造,安徽,汽车配件,sldz,主板,20230524,孙国奉,民营企业
464,001283.SZ,001283,豪鹏科技,深圳,电气设备,hpkj,主板,20220905,潘党育,民营企业
465,001286.SZ,001286,陕西能源,陕西,火力发电,sxny,主板,20230410,陕西投资集团有限公司,地方国企
466,001287.SZ,001287,中电港,深圳,元器件,zdg,主板,20230410,国务院国有资产监督管理委员会,中央国企
467,001288.SZ,001288,运机集团,四川,专用机械,yjjt,主板,20211101,吴友华,民营企业
468,001289.SZ,001289,龙源电力,北京,新型电力,lydl,主板,20220124,国务院国有资产监督管理委员会,中央国企
469,001296.SZ,001296,长江材料,重庆,其他建材,cjcl,主板,20211224,,
470,001298.SZ,001298,好上好,深圳,元器件,hsh,主板,20221031,王玉成,外资企业
471,001299.SZ,001299,美能能源,陕西,供气供热,mnny,主板,20221031,晏立群,民营企业
472,001300.SZ,001300,三柏硕,山东,文教休闲,sbs,主板,20221019,朱希龙,民营企业
473,001301.SZ,001301,尚太科技,河北,电气设备,stkj,主板,20221228,欧阳永跃,民营企业
474,001306.SZ,001306,夏厦精密,浙江,机械基件,xxjm,主板,20231116,夏挺,民营企业
475,001308.SZ,001308,康冠科技,深圳,元器件,kgkj,主板,20220318,凌斌,民营企业
476,001309.SZ,001309,德明利,深圳,半导体,dml,主板,20220701,李虎,民营企业
477,001311.SZ,001311,多利科技,安徽,汽车配件,dlkj,主板,20230227,曹达龙,民营企业
478,001313.SZ,001313,粤海饲料,广东,饲料,yhsl,主板,20220216,,
479,001314.SZ,001314,亿道信息,深圳,元器件,ydxx,主板,20230214,石庆,民营企业
480,001316.SZ,001316,润贝航科,深圳,批发业,rbhk,主板,20220624,刘俊锋,民营企业
481,001317.SZ,001317,三羊马,重庆,铁路,sym,主板,20211130,邱红阳,民营企业
482,001318.SZ,001318,阳光乳业,江西,乳制品,ygry,主板,20220520,胡霄云,民营企业
483,001319.SZ,001319,铭科精技,广东,汽车配件,mkjj,主板,20220512,夏录荣,外资企业
484,001322.SZ,001322,箭牌家居,广东,家居用品,jpjj,主板,20221026,谢岳荣,民营企业
485,001323.SZ,001323,慕思股份,广东,家居用品,msgf,主板,20220623,王炳坤,民营企业
486,001324.SZ,001324,长青科技,江苏,运输设备,cqkj,主板,20230522,周银妹,民营企业
487,001326.SZ,001326,联域股份,深圳,电气设备,lygf,主板,20231109,徐建勇,民营企业
488,001328.SZ,001328,登康口腔,重庆,日用化工,dkkq,主板,20230410,重庆市国有资产监督管理委员会,地方国企
489,001330.SZ,001330,博纳影业,新疆,影视音像,bnyy,主板,20220818,于冬,民营企业
490,001331.SZ,001331,胜通能源,山东,公路,stny,主板,20220908,魏吉胜,民营企业
491,001332.SZ,001332,锡装股份,江苏,专用机械,xzgf,主板,20220920,曹洪海,民营企业
492,001333.SZ,001333,光华股份,浙江,化工原料,ghgf,主板,20221208,孙杰风,民营企业
493,001336.SZ,001336,楚环科技,浙江,专用机械,chkj,主板,20220725,陈步东,民营企业
494,001337.SZ,001337,四川黄金,四川,黄金,schj,主板,20230303,四川省地质矿产勘查开发局,地方国企
495,001338.SZ,001338,永顺泰,广东,啤酒,yst,主板,20221116,广东省人民政府国有资产监督管理委员会,地方国企
496,001339.SZ,001339,智微智能,深圳,IT设备,zwzn,主板,20220815,袁微微,民营企业
497,001358.SZ,001358,兴欣新材,浙江,化工原料,xxxc,主板,20231221,叶汀,民营企业
498,001359.SZ,001359,平安电工,湖北,矿物制品,padg,主板,20240328,潘渡江,民营企业
499,001360.SZ,001360,南矿集团,江西,工程机械,nkjt,主板,20230410,李顺山,民营企业
500,001366.SZ,001366,播恩集团,江西,饲料,bejt,主板,20230307,邹新华,民营企业
501,001367.SZ,001367,海森药业,浙江,化学制药,hsyy,主板,20230410,王式跃,民营企业
502,001368.SZ,001368,通达创智,福建,文教休闲,tdcz,主板,20230313,王亚华,外资企业
503,001373.SZ,001373,翔腾新材,江苏,元器件,xtxc,主板,20230601,张伟,民营企业
504,001376.SZ,001376,百通能源,江西,供气供热,btny,主板,20231103,张春龙,民营企业
505,001378.SZ,001378,德冠新材,广东,塑料,dgxc,主板,20231030,罗维满,民营企业
506,001379.SZ,001379,腾达科技,山东,机械基件,tdkj,主板,20240119,陈佩君,民营企业
507,001380.SZ,001380,华纬科技,浙江,汽车配件,hwkj,主板,20230516,金雷,民营企业
508,001387.SZ,001387,雪祺电气,安徽,家用电器,xqdq,主板,20240111,顾维,民营企业
509,001389.SZ,001389,广合科技,广东,元器件,ghkj,主板,20240402,肖红星,民营企业
510,001696.SZ,001696,宗申动力,重庆,摩托车,zsdl,主板,19970306,,
511,001872.SZ,001872,招商港口,深圳,港口,zsgk,主板,19930505,,
512,001896.SZ,001896,豫能控股,河南,火力发电,ynkg,主板,19980122,河南省财政厅,地方国企
513,001914.SZ,001914,招商积余,深圳,房产服务,zsjy,主板,19940928,无实际控制人,无
514,001965.SZ,001965,招商公路,天津,路桥,zsgl,主板,20171225,,
515,001979.SZ,001979,招商蛇口,深圳,全国地产,zssk,主板,20151230,,
516,002001.SZ,002001,新和成,浙江,化学制药,xhc,主板,20040625,,
517,002003.SZ,002003,伟星股份,浙江,服饰,wxgf,主板,20040625,,
518,002004.SZ,002004,华邦健康,重庆,农药化肥,hbjk,主板,20040625,,
519,002005.SZ,002005,ST德豪,安徽,家用电器,stdh,主板,20040625,无实际控制人,无
520,002006.SZ,002006,精工科技,浙江,专用机械,jgkj,主板,20040625,方朝阳,民营企业
521,002007.SZ,002007,华兰生物,河南,生物制药,hlsw,主板,20040625,,
522,002008.SZ,002008,大族激光,深圳,专用机械,dzjg,主板,20040625,高云峰,外资企业
523,002009.SZ,002009,天奇股份,江苏,工程机械,tqgf,主板,20040629,,
524,002010.SZ,002010,传化智联,浙江,仓储物流,chzl,主板,20040629,徐冠巨,民营企业
525,002011.SZ,002011,盾安环境,浙江,家用电器,dahj,主板,20040705,无实际控制人,无
526,002012.SZ,002012,凯恩股份,浙江,造纸,kegf,主板,20040705,解直锟,民营企业
527,002014.SZ,002014,永新股份,安徽,塑料,yxgf,主板,20040708,,
528,002015.SZ,002015,协鑫能科,江苏,新型电力,xxnk,主板,20040708,朱共山,外资企业
529,002016.SZ,002016,世荣兆业,广东,区域地产,srzy,主板,20040708,,
530,002017.SZ,002017,东信和平,广东,通信设备,dxhp,主板,20040713,国务院国有资产监督管理委员会,中央国企
531,002019.SZ,002019,亿帆医药,浙江,化学制药,yfyy,主板,20040713,,
532,002020.SZ,002020,京新药业,浙江,化学制药,jxyy,主板,20040715,,
533,002021.SZ,002021,中捷资源,浙江,纺织机械,zjzy,主板,20040715,无实际控制人,无
534,002022.SZ,002022,科华生物,上海,医疗保健,khsw,主板,20040721,,
535,002023.SZ,002023,海特高新,四川,航空,htgx,主板,20040721,李飚,民营企业
536,002024.SZ,002024,ST易购,江苏,电器连锁,styg,主板,20040721,无实际控制人,无
537,002025.SZ,002025,航天电器,贵州,元器件,htdq,主板,20040726,,
538,002026.SZ,002026,山东威达,山东,机械基件,sdwd,主板,20040727,杨桂模,民营企业
539,002027.SZ,002027,分众传媒,广东,广告包装,fzcm,主板,20040804,江南春,外资企业
540,002028.SZ,002028,思源电气,上海,电气设备,sydq,主板,20040805,,
541,002029.SZ,002029,七匹狼,福建,服饰,qpl,主板,20040806,,
542,002030.SZ,002030,达安基因,广东,医疗保健,dajy,主板,20040809,广州市人民政府,地方国企
543,002031.SZ,002031,巨轮智能,广东,汽车配件,jlzn,主板,20040816,,
544,002032.SZ,002032,苏泊尔,浙江,家用电器,sbe,主板,20040817,SEB SA,外资企业
545,002033.SZ,002033,丽江股份,云南,旅游景点,ljgf,主板,20040825,,
546,002034.SZ,002034,旺能环境,浙江,环境保护,wnhj,主板,20040826,,
547,002035.SZ,002035,华帝股份,广东,家用电器,hdgf,主板,20040901,,
548,002036.SZ,002036,联创电子,江西,元器件,lcdz,主板,20040903,韩盛龙,民营企业
549,002037.SZ,002037,保利联合,贵州,化工原料,bllh,主板,20040908,,
550,002038.SZ,002038,双鹭药业,北京,生物制药,slyy,主板,20040909,,
551,002039.SZ,002039,黔源电力,贵州,水力发电,qydl,主板,20050303,,
552,002040.SZ,002040,南京港,江苏,港口,njg,主板,20050325,江苏省政府国有资产监督管理委员会,地方国企
553,002041.SZ,002041,登海种业,山东,种植业,dhzy,主板,20050418,,
554,002042.SZ,002042,华孚时尚,安徽,纺织,hfss,主板,20050427,,
555,002043.SZ,002043,兔宝宝,浙江,其他建材,tbb,主板,20050510,,
556,002044.SZ,002044,美年健康,江苏,医疗保健,mnjk,主板,20050518,,
557,002045.SZ,002045,国光电器,广东,元器件,ggdq,主板,20050523,无实际控制人,无
558,002046.SZ,002046,国机精工,河南,机械基件,gjjg,主板,20050526,,
559,002047.SZ,002047,宝鹰股份,深圳,装修装饰,bygf,主板,20050531,欧阳明,外资企业
560,002048.SZ,002048,宁波华翔,浙江,汽车配件,nbhx,主板,20050603,,
561,002049.SZ,002049,紫光国微,河北,半导体,zggw,主板,20050606,无实际控制人,无
562,002050.SZ,002050,三花智控,浙江,家用电器,shzk,主板,20050607,,
563,002051.SZ,002051,中工国际,北京,建筑工程,zggj,主板,20060619,,
564,002052.SZ,002052,*ST同洲,深圳,家用电器,sttz,主板,20060627,袁明,民营企业
565,002053.SZ,002053,云南能投,云南,食品,ynnt,主板,20060627,,
566,002054.SZ,002054,德美化工,广东,染料涂料,dmhg,主板,20060725,,
567,002055.SZ,002055,得润电子,深圳,元器件,drdz,主板,20060725,邱建民,民营企业
568,002056.SZ,002056,横店东磁,浙江,电气设备,hddc,主板,20060802,东阳市横店社团经济企业联合会,集体企业
569,002057.SZ,002057,中钢天源,安徽,矿物制品,zgty,主板,20060802,,
570,002058.SZ,002058,威尔泰,上海,电器仪表,wet,主板,20060802,,
571,002059.SZ,002059,云南旅游,云南,旅游景点,ynly,主板,20060810,,
572,002060.SZ,002060,广东建工,广东,建筑工程,gdjg,主板,20060810,,
573,002061.SZ,002061,浙江交科,浙江,建筑工程,zjjk,主板,20060816,,
574,002062.SZ,002062,宏润建设,浙江,建筑工程,hrjs,主板,20060816,,
575,002063.SZ,002063,远光软件,广东,软件服务,ygrj,主板,20060823,国务院国有资产监督管理委员会,中央国企
576,002064.SZ,002064,华峰化学,浙江,化纤,hfhx,主板,20060823,,
577,002065.SZ,002065,东华软件,北京,软件服务,dhrj,主板,20060823,,
578,002066.SZ,002066,瑞泰科技,北京,其他建材,rtkj,主板,20060823,,
579,002067.SZ,002067,景兴纸业,浙江,造纸,jxzy,主板,20060915,,
580,002068.SZ,002068,黑猫股份,江西,化工原料,hmgf,主板,20060915,景德镇市国有资产监督管理委员会,地方国企
581,002069.SZ,002069,獐子岛,辽宁,渔业,zzd,主板,20060928,大连市人民政府国有资产监督管理委员会,地方国企
582,002072.SZ,002072,凯瑞德,湖北,商贸代理,krd,主板,20061018,王健,民营企业
583,002073.SZ,002073,软控股份,山东,专用机械,rkgf,主板,20061018,,
584,002074.SZ,002074,国轩高科,安徽,电气设备,gxgk,主板,20061018,李缜,民营企业
585,002075.SZ,002075,沙钢股份,江苏,特种钢,sggf,主板,20061025,,
586,002076.SZ,002076,星光股份,广东,家用电器,xggf,主板,20061025,戴俊威,民营企业
587,002077.SZ,002077,大港股份,江苏,半导体,dggf,主板,20061116,,
588,002078.SZ,002078,太阳纸业,山东,造纸,tyzy,主板,20061116,,
589,002079.SZ,002079,苏州固锝,江苏,电气设备,szgd,主板,20061116,,
590,002080.SZ,002080,中材科技,江苏,玻璃,zckj,主板,20061120,,
591,002081.SZ,002081,金螳螂,江苏,装修装饰,jtl,主板,20061120,朱兴良,民营企业
592,002082.SZ,002082,万邦德,浙江,中成药,wbd,主板,20061120,,
593,002083.SZ,002083,孚日股份,山东,纺织,frgf,主板,20061124,高密市国有资产运营中心,地方国企
594,002084.SZ,002084,海鸥住工,广东,家居用品,hozg,主板,20061124,唐台英,外资企业
595,002085.SZ,002085,万丰奥威,浙江,汽车配件,wfaw,主板,20061128,,
596,002086.SZ,002086,东方海洋,山东,医疗保健,dfhy,主板,20061128,,
597,002088.SZ,002088,鲁阳节能,山东,矿物制品,lyjn,主板,20061130,,
598,002090.SZ,002090,金智科技,江苏,电气设备,jzkj,主板,20061208,无实际控制人,无
599,002091.SZ,002091,江苏国泰,江苏,商贸代理,jsgt,主板,20061208,,
600,002092.SZ,002092,ST中泰,新疆,化工原料,stzt,主板,20061208,,
601,002093.SZ,002093,国脉科技,福建,文教休闲,gmkj,主板,20061215,林惠榕,民营企业
602,002094.SZ,002094,青岛金王,山东,日用化工,qdjw,主板,20061215,,
603,002095.SZ,002095,生意宝,浙江,互联网,syb,主板,20061215,,
604,002096.SZ,002096,易普力,湖南,化工原料,ypl,主板,20061222,湖南省人民政府国有资产监督管理委员会,地方国企
605,002097.SZ,002097,山河智能,湖南,工程机械,shzn,主板,20061222,广州市人民政府,地方国企
606,002098.SZ,002098,浔兴股份,福建,服饰,xxgf,主板,20061222,,
607,002099.SZ,002099,海翔药业,浙江,化学制药,hxyy,主板,20061226,王云富,民营企业
608,002100.SZ,002100,天康生物,新疆,饲料,tksw,主板,20061226,新疆生产建设兵团国有资产经营有限责任公司,地方国企
609,002101.SZ,002101,广东鸿图,广东,汽车配件,gdht,主板,20061229,,
610,002102.SZ,002102,能特科技,湖北,化学制药,ntkj,主板,20061229,林福椿,民营企业
611,002103.SZ,002103,广博股份,浙江,文教休闲,gbgf,主板,20070110,,
612,002104.SZ,002104,恒宝股份,江苏,通信设备,hbgf,主板,20070110,,
613,002105.SZ,002105,信隆健康,深圳,摩托车,xljk,主板,20070112,廖学金,外资企业
614,002106.SZ,002106,莱宝高科,深圳,元器件,lbgk,主板,20070112,,
615,002107.SZ,002107,沃华医药,山东,中成药,whyy,主板,20070124,,
616,002108.SZ,002108,沧州明珠,河北,塑料,czmz,主板,20070124,于桂亭,民营企业
617,002109.SZ,002109,兴化股份,陕西,化工原料,xhgf,主板,20070126,,
618,002110.SZ,002110,三钢闽光,福建,普钢,sgmg,主板,20070126,,
619,002111.SZ,002111,威海广泰,山东,航空,whgt,主板,20070126,李光太,民营企业
620,002112.SZ,002112,三变科技,浙江,电气设备,sbkj,主板,20070208,三门县人民政府,地方国企
621,002114.SZ,002114,罗平锌电,云南,铅锌,lpxd,主板,20070215,罗平县国有资产监督管理委员会,地方国企
622,002115.SZ,002115,三维通信,浙江,互联网,swtx,主板,20070215,李越伦,民营企业
623,002116.SZ,002116,中国海诚,上海,建筑工程,zghc,主板,20070215,,
624,002117.SZ,002117,东港股份,山东,广告包装,dggf,主板,20070302,谷望江,外资企业
625,002119.SZ,002119,康强电子,浙江,半导体,kqdz,主板,20070302,熊续强,外资企业
626,002120.SZ,002120,韵达股份,浙江,仓储物流,ydgf,主板,20070306,,
627,002121.SZ,002121,科陆电子,深圳,电器仪表,kldz,主板,20070306,深圳市资本运营集团有限公司,地方国企
628,002122.SZ,002122,汇洲智能,浙江,机床制造,hzzn,主板,20070328,无实际控制人,无
629,002123.SZ,002123,梦网科技,辽宁,互联网,mwkj,主板,20070328,,
630,002124.SZ,002124,ST天邦,浙江,农业综合,sttb,主板,20070403,,
631,002125.SZ,002125,湘潭电化,湖南,化工原料,xtdh,主板,20070403,湘潭市人民政府国有资产监督管理委员会,地方国企
632,002126.SZ,002126,银轮股份,浙江,汽车配件,ylgf,主板,20070418,,
633,002127.SZ,002127,南极电商,江苏,互联网,njds,主板,20070418,蒋学明,外资企业
634,002128.SZ,002128,电投能源,内蒙,铝,dtny,主板,20070418,,
635,002129.SZ,002129,TCL中环,天津,电气设备,tclzh,主板,20070420,无实际控制人,无
636,002130.SZ,002130,沃尔核材,深圳,电气设备,wehc,主板,20070420,无实际控制人,无
637,002131.SZ,002131,利欧股份,浙江,互联网,logf,主板,20070427,王相荣,民营企业
638,002132.SZ,002132,恒星科技,河南,钢加工,hxkj,主板,20070427,,
639,002133.SZ,002133,广宇集团,浙江,全国地产,gyjt,主板,20070427,,
640,002134.SZ,002134,天津普林,天津,元器件,tjpl,主板,20070516,无实际控制人,无
641,002135.SZ,002135,东南网架,浙江,钢加工,dnwj,主板,20070530,,
642,002136.SZ,002136,安纳达,安徽,化工原料,and,主板,20070530,无实际控制人,无
643,002137.SZ,002137,实益达,深圳,元器件,syd,主板,20070613,,
644,002138.SZ,002138,顺络电子,深圳,元器件,sldz,主板,20070613,倪秉达,外资企业
645,002139.SZ,002139,拓邦股份,深圳,元器件,tbgf,主板,20070629,,
646,002140.SZ,002140,东华科技,安徽,建筑工程,dhkj,主板,20070712,中国化学工程集团有限公司,中央国企
647,002141.SZ,002141,*ST贤丰,广东,农业综合,stxf,主板,20070720,,
648,002142.SZ,002142,宁波银行,浙江,银行,nbyh,主板,20070719,,
649,002144.SZ,002144,宏达高科,浙江,纺织,hdgk,主板,20070803,,
650,002145.SZ,002145,中核钛白,甘肃,化工原料,zhtb,主板,20070803,王泽龙,民营企业
651,002146.SZ,002146,荣盛发展,河北,全国地产,rsfz,主板,20070808,,
652,002148.SZ,002148,北纬科技,北京,互联网,bwkj,主板,20070810,,
653,002149.SZ,002149,西部材料,陕西,小金属,xbcl,主板,20070810,,
654,002150.SZ,002150,通润装备,江苏,机械基件,trzb,主板,20070810,南存辉,民营企业
655,002151.SZ,002151,北斗星通,北京,通信设备,bdxt,主板,20070813,,
656,002152.SZ,002152,广电运通,广东,IT设备,gdyt,主板,20070813,,
657,002153.SZ,002153,石基信息,北京,软件服务,sjxx,主板,20070813,,
658,002154.SZ,002154,报喜鸟,浙江,服饰,bxn,主板,20070816,,
659,002155.SZ,002155,湖南黄金,湖南,黄金,hnhj,主板,20070816,,
660,002156.SZ,002156,通富微电,江苏,半导体,tfwd,主板,20070816,,
661,002157.SZ,002157,正邦科技,江西,农业综合,zbkj,主板,20070817,,
662,002158.SZ,002158,汉钟精机,上海,工程机械,hzjj,主板,20070817,廖哲男,外资企业
663,002159.SZ,002159,三特索道,湖北,旅游服务,stsd,主板,20070817,武汉东湖新技术开发区管理委员会,地方国企
664,002160.SZ,002160,常铝股份,江苏,铝,clgf,主板,20070821,济南市人民政府国有资产监督管理委员会,地方国企
665,002161.SZ,002161,远望谷,深圳,通信设备,ywg,主板,20070821,,
666,002162.SZ,002162,悦心健康,上海,陶瓷,yxjk,主板,20070823,李慈雄,外资企业
667,002163.SZ,002163,海南发展,深圳,装修装饰,hnfz,主板,20070823,中国航空工业集团有限公司,中央国企
668,002164.SZ,002164,宁波东力,浙江,机械基件,nbdl,主板,20070823,,
669,002165.SZ,002165,红宝丽,江苏,化工原料,hbl,主板,20070913,芮益民,民营企业
670,002166.SZ,002166,莱茵生物,广西,中成药,lysw,主板,20070913,,
671,002167.SZ,002167,东方锆业,广东,小金属,dfgy,主板,20070913,许刚,民营企业
672,002168.SZ,002168,惠程科技,重庆,电气设备,hckj,主板,20070919,重庆市璧山区财政局,地方国企
673,002169.SZ,002169,智光电气,广东,电气设备,zgdq,主板,20070919,李永喜,民营企业
674,002170.SZ,002170,芭田股份,深圳,农药化肥,btgf,主板,20070919,黄培钊,民营企业
675,002171.SZ,002171,楚江新材,安徽,铜,cjxc,主板,20070921,,
676,002172.SZ,002172,澳洋健康,江苏,医疗保健,ayjk,主板,20070921,,
677,002173.SZ,002173,创新医疗,浙江,医疗保健,cxyl,主板,20070925,陈夏英,民营企业
678,002174.SZ,002174,游族网络,福建,互联网,yzwl,主板,20070925,无实际控制人,无
679,002175.SZ,002175,东方智造,广西,电器仪表,dfzz,主板,20071012,无实际控制人,无
680,002176.SZ,002176,江特电机,江西,小金属,jtdj,主板,20071012,,
681,002177.SZ,002177,御银股份,广东,其他商业,yygf,主板,20071101,,
682,002178.SZ,002178,延华智能,上海,软件服务,yhzn,主板,20071101,无实际控制人,无
683,002179.SZ,002179,中航光电,河南,元器件,zhgd,主板,20071101,,
684,002180.SZ,002180,纳思达,广东,IT设备,nsd,主板,20071113,,
685,002181.SZ,002181,粤传媒,广东,出版业,ycm,主板,20071116,,
686,002182.SZ,002182,宝武镁业,江苏,小金属,bwmy,主板,20071113,,
687,002183.SZ,002183,怡亚通,深圳,仓储物流,yyt,主板,20071113,深圳市人民政府国有资产监督管理委员会,地方国企
688,002184.SZ,002184,海得控制,上海,机械基件,hdkz,主板,20071116,许泓,民营企业
689,002185.SZ,002185,华天科技,甘肃,半导体,htkj,主板,20071120,,
690,002186.SZ,002186,全聚德,北京,酒店餐饮,qjd,主板,20071120,,
691,002187.SZ,002187,广百股份,广东,百货,gbgf,主板,20071122,,
692,002188.SZ,002188,中天服务,浙江,房产服务,ztfw,主板,20071122,,
693,002189.SZ,002189,中光学,河南,元器件,zgx,主板,20071203,中国兵器装备集团公司(中国南方工业集团公司),中央国企
694,002190.SZ,002190,成飞集成,四川,汽车配件,cfjc,主板,20071203,,
695,002191.SZ,002191,劲嘉股份,深圳,广告包装,jjgf,主板,20071205,,
696,002192.SZ,002192,融捷股份,广东,小金属,rjgf,主板,20071205,,
697,002193.SZ,002193,如意集团,山东,纺织,ryjt,主板,20071207,,
698,002194.SZ,002194,武汉凡谷,湖北,通信设备,whfg,主板,20071207,,
699,002195.SZ,002195,岩山科技,上海,软件服务,yskj,主板,20071212,傅耀华,民营企业
700,002196.SZ,002196,方正电机,浙江,纺织机械,fzdj,主板,20071212,无实际控制人,无
701,002197.SZ,002197,ST证通,深圳,IT设备,stzt,主板,20071218,曾胜强,民营企业
702,002198.SZ,002198,嘉应制药,广东,中成药,jyzy,主板,20071218,,
703,002199.SZ,002199,东晶电子,浙江,元器件,djdz,主板,20071221,无实际控制人,无
704,002200.SZ,002200,ST交投,云南,建筑工程,stjt,主板,20071221,,
705,002201.SZ,002201,正威新材,江苏,玻璃,zwxc,主板,20071226,王文银,民营企业
706,002202.SZ,002202,金风科技,新疆,电气设备,jfkj,主板,20071226,,
707,002203.SZ,002203,海亮股份,浙江,铜,hlgf,主板,20080116,,
708,002204.SZ,002204,大连重工,辽宁,专用机械,dlzg,主板,20080116,大连市人民政府国有资产监督管理委员会,地方国企
709,002205.SZ,002205,国统股份,新疆,水泥,gtgf,主板,20080123,国务院国有资产监督管理委员会,中央国企
710,002206.SZ,002206,海利得,浙江,化纤,hld,主板,20080123,,
711,002207.SZ,002207,准油股份,新疆,石油开采,zygf,主板,20080128,,
712,002208.SZ,002208,合肥城建,安徽,区域地产,hfcj,主板,20080128,合肥市人民政府国有资产监督管理委员会,地方国企
713,002209.SZ,002209,达意隆,广东,轻工机械,dyl,主板,20080130,,
714,002210.SZ,002210,飞马国际,深圳,环境保护,fmgj,主板,20080130,刘永好,民营企业
715,002211.SZ,002211,宏达新材,上海,橡胶,hdxc,主板,20080201,朱恩伟,民营企业
716,002212.SZ,002212,天融信,广东,软件服务,trx,主板,20080201,无实际控制人,无
717,002213.SZ,002213,大为股份,深圳,半导体,dwgf,主板,20080201,连宗敏,民营企业
718,002214.SZ,002214,大立科技,浙江,电器仪表,dlkj,主板,20080218,,
719,002215.SZ,002215,诺普信,深圳,农药化肥,npx,主板,20080218,,
720,002216.SZ,002216,三全食品,河南,食品,sqsp,主板,20080220,,
721,002217.SZ,002217,*ST合泰,福建,元器件,stht,主板,20080220,,
722,002218.SZ,002218,拓日新能,深圳,新型电力,trxn,主板,20080228,,
723,002219.SZ,002219,新里程,甘肃,医疗保健,xlc,主板,20080306,郭宇超,民营企业
724,002221.SZ,002221,东华能源,江苏,石油加工,dhny,主板,20080306,,
725,002222.SZ,002222,福晶科技,福建,元器件,fjkj,主板,20080319,,
726,002223.SZ,002223,鱼跃医疗,江苏,医疗保健,yyyl,主板,20080418,吴光明,民营企业
727,002224.SZ,002224,三力士,浙江,橡胶,sls,主板,20080425,金玉中,民营企业
728,002225.SZ,002225,濮耐股份,河南,其他建材,pngf,主板,20080425,,
729,002226.SZ,002226,江南化工,安徽,化工原料,jnhg,主板,20080506,中国兵器工业集团有限公司,中央国企
730,002227.SZ,002227,奥特迅,深圳,电气设备,atx,主板,20080506,廖晓霞,外资企业
731,002228.SZ,002228,合兴包装,福建,广告包装,hxbz,主板,20080508,,
732,002229.SZ,002229,鸿博股份,福建,广告包装,hbgf,主板,20080508,尤丽娟,民营企业
733,002230.SZ,002230,科大讯飞,安徽,软件服务,kdxf,主板,20080512,,
734,002231.SZ,002231,奥维通信,辽宁,通信设备,awtx,主板,20080512,单川,民营企业
735,002232.SZ,002232,启明信息,吉林,软件服务,qmxx,主板,20080509,,
736,002233.SZ,002233,塔牌集团,广东,水泥,tpjt,主板,20080516,,
737,002234.SZ,002234,民和股份,山东,农业综合,mhgf,主板,20080516,孙希民,民营企业
738,002235.SZ,002235,安妮股份,福建,造纸,angf,主板,20080516,,
739,002236.SZ,002236,大华股份,浙江,IT设备,dhgf,主板,20080520,傅利泉,民营企业
740,002237.SZ,002237,恒邦股份,山东,黄金,hbgf,主板,20080520,江西省国有资产监督管理委员会,地方国企
741,002238.SZ,002238,天威视讯,深圳,影视音像,twsx,主板,20080526,,
742,002239.SZ,002239,奥特佳,江苏,汽车配件,atj,主板,20080522,王进飞,民营企业
743,002240.SZ,002240,盛新锂能,四川,小金属,sxln,主板,20080523,,
744,002241.SZ,002241,歌尔股份,山东,元器件,gegf,主板,20080522,,
745,002242.SZ,002242,九阳股份,山东,家用电器,jygf,主板,20080528,,
746,002243.SZ,002243,力合科创,深圳,广告包装,lhkc,主板,20080528,深圳市人民政府国有资产监督管理委员会,地方国企
747,002244.SZ,002244,滨江集团,浙江,区域地产,bjjt,主板,20080529,戚金兴,民营企业
748,002245.SZ,002245,蔚蓝锂芯,江苏,电气设备,wllx,主板,20080605,CHEN KAI,外资企业
749,002246.SZ,002246,北化股份,四川,化工原料,bhgf,主板,20080605,,
750,002247.SZ,002247,聚力文化,浙江,其他建材,jlwh,主板,20080612,姜飞雄,民营企业
751,002248.SZ,002248,华东数控,山东,机床制造,hdsk,主板,20080612,,
752,002249.SZ,002249,大洋电机,广东,电气设备,dydj,主板,20080619,鲁楚平,民营企业
753,002250.SZ,002250,联化科技,浙江,化工原料,lhkj,主板,20080619,,
754,002251.SZ,002251,*ST步高,湖南,超市连锁,stbg,主板,20080619,湘潭市人民政府国有资产监督管理委员会,地方国企
755,002252.SZ,002252,上海莱士,上海,生物制药,shls,主板,20080623,黄凯,外资企业
756,002253.SZ,002253,川大智胜,四川,软件服务,cdzs,主板,20080623,,
757,002254.SZ,002254,泰和新材,山东,化纤,thxc,主板,20080625,,
758,002255.SZ,002255,海陆重工,江苏,专用机械,hlzg,主板,20080625,,
759,002256.SZ,002256,兆新股份,深圳,新型电力,zxgf,主板,20080625,陈永弟,民营企业
760,002258.SZ,002258,利尔化学,四川,农药化肥,lehx,主板,20080708,,
761,002259.SZ,002259,ST升达,四川,供气供热,stsd,主板,20080716,无实际控制人,无
762,002261.SZ,002261,拓维信息,湖南,软件服务,twxx,主板,20080723,,
763,002262.SZ,002262,恩华药业,江苏,化学制药,ehyy,主板,20080723,,
764,002263.SZ,002263,大东南,浙江,塑料,ddn,主板,20080728,浙江省绍兴市诸暨市人民政府国有资产监督管理委员会,地方国企
765,002264.SZ,002264,新华都,福建,互联网,xhd,主板,20080731,陈发树,民营企业
766,002265.SZ,002265,建设工业,云南,专用机械,jsgy,主板,20080806,中国兵器装备集团公司(中国南方工业集团公司),中央国企
767,002266.SZ,002266,浙富控股,浙江,环境保护,zfkg,主板,20080806,,
768,002267.SZ,002267,陕天然气,陕西,供气供热,strq,主板,20080813,,
769,002268.SZ,002268,电科网安,四川,IT设备,dkwa,主板,20080811,,
770,002269.SZ,002269,美邦服饰,上海,服饰,mbfs,主板,20080828,周成建,民营企业
771,002270.SZ,002270,华明装备,山东,电气设备,hmzb,主板,20080905,,
772,002271.SZ,002271,东方雨虹,北京,其他建材,dfyh,主板,20080910,,
773,002272.SZ,002272,川润股份,四川,机械基件,crgf,主板,20080919,罗丽华,民营企业
774,002273.SZ,002273,水晶光电,浙江,元器件,sjgd,主板,20080919,,
775,002274.SZ,002274,华昌化工,江苏,农药化肥,hchg,主板,20080925,朱郁健,民营企业
776,002275.SZ,002275,桂林三金,广西,中成药,glsj,主板,20090710,邹洵,民营企业
777,002276.SZ,002276,万马股份,浙江,电气设备,wmgf,主板,20090710,青岛西海岸新区国有资产管理局,地方国企
778,002277.SZ,002277,友阿股份,湖南,百货,yagf,主板,20090717,,
779,002278.SZ,002278,神开股份,上海,化工机械,skgf,主板,20090811,,
780,002279.SZ,002279,久其软件,北京,软件服务,jqrj,主板,20090811,,
781,002281.SZ,002281,光迅科技,湖北,通信设备,gxkj,主板,20090821,,
782,002282.SZ,002282,博深股份,河北,机械基件,bsgf,主板,20090821,山东省人民政府国有资产监督管理委员会,地方国企
783,002283.SZ,002283,天润工业,山东,汽车配件,trgy,主板,20090821,,
784,002284.SZ,002284,亚太股份,浙江,汽车配件,ytgf,主板,20090828,黄伟中,民营企业
785,002285.SZ,002285,世联行,深圳,房产服务,slh,主板,20090828,广东省珠海市横琴新区人民政府国有资产监督管理委员会,地方国企
786,002286.SZ,002286,保龄宝,山东,食品,blb,主板,20090828,,
787,002287.SZ,002287,奇正藏药,西藏,中成药,qzzy,主板,20090828,,
788,002289.SZ,002289,ST宇顺,深圳,元器件,stys,主板,20090903,,
789,002290.SZ,002290,禾盛新材,江苏,家用电器,hsxc,主板,20090903,张伟,民营企业
790,002291.SZ,002291,遥望科技,广东,广告包装,ywkj,主板,20090903,张泽民,外资企业
791,002292.SZ,002292,奥飞娱乐,广东,影视音像,afyl,主板,20090910,蔡东青,民营企业
792,002293.SZ,002293,罗莱生活,江苏,纺织,llsh,主板,20090910,,
793,002294.SZ,002294,信立泰,深圳,化学制药,xlt,主板,20090910,,
794,002295.SZ,002295,精艺股份,广东,铜,jygf,主板,20090929,黄裕辉,民营企业
795,002296.SZ,002296,辉煌科技,河南,通信设备,hhkj,主板,20090929,,
796,002297.SZ,002297,博云新材,湖南,航空,byxc,主板,20090929,湖南省人民政府国有资产监督管理委员会,地方国企
797,002298.SZ,002298,中电兴发,安徽,软件服务,zdxf,主板,20090929,,
798,002299.SZ,002299,圣农发展,福建,农业综合,snfz,主板,20091021,,
799,002300.SZ,002300,太阳电缆,福建,电气设备,tydl,主板,20091021,,
800,002301.SZ,002301,齐心集团,深圳,文教休闲,qxjt,主板,20091021,,
801,002302.SZ,002302,西部建设,新疆,水泥,xbjs,主板,20091103,,
802,002303.SZ,002303,美盈森,深圳,造纸,mys,主板,20091103,,
803,002304.SZ,002304,洋河股份,江苏,白酒,yhgf,主板,20091106,,
804,002305.SZ,002305,南国置业,湖北,区域地产,ngzy,主板,20091106,,
805,002306.SZ,002306,中科云网,北京,酒店餐饮,zkyw,主板,20091111,陈继,民营企业
806,002307.SZ,002307,北新路桥,新疆,建筑工程,bxlq,主板,20091111,,
807,002308.SZ,002308,*ST威创,广东,IT设备,stwc,主板,20091127,无实际控制人,无
808,002309.SZ,002309,*ST中利,江苏,电气设备,stzl,主板,20091127,,
809,002310.SZ,002310,*ST东园,北京,环境保护,stdy,主板,20091127,北京市朝阳区人民政府国有资产监督管理委员会,地方国企
810,002311.SZ,002311,海大集团,广东,饲料,hdjt,主板,20091127,,
811,002312.SZ,002312,川发龙蟒,四川,化工原料,cflm,主板,20091203,四川省政府国有资产监督管理委员会,地方国企
812,002313.SZ,002313,日海智能,深圳,通信设备,rhzn,主板,20091203,珠海市人民政府国有资产监督管理委员会,地方国企
813,002314.SZ,002314,南山控股,深圳,区域地产,nskg,主板,20091203,,
814,002315.SZ,002315,焦点科技,江苏,互联网,jdkj,主板,20091209,,
815,002316.SZ,002316,ST亚联,吉林,软件服务,styl,主板,20091209,刘辉,民营企业
816,002317.SZ,002317,众生药业,广东,中成药,zsyy,主板,20091211,张玉冲,民营企业
817,002318.SZ,002318,久立特材,浙江,特种钢,jltc,主板,20091211,,
818,002319.SZ,002319,乐通股份,广东,染料涂料,ltgf,主板,20091211,,
819,002320.SZ,002320,海峡股份,海南,水运,hxgf,主板,20091216,海南省国有资产监督管理委员会,地方国企
820,002321.SZ,002321,华英农业,河南,农业综合,hyny,主板,20091216,许水均,民营企业
821,002322.SZ,002322,理工能科,浙江,软件服务,lgnk,主板,20091218,,
822,002323.SZ,002323,雅博股份,山东,建筑工程,ybgf,主板,20091218,山东省枣庄市人民政府国有资产监督管理委员会,地方国企
823,002324.SZ,002324,普利特,上海,塑料,plt,主板,20091218,,
824,002326.SZ,002326,永太科技,浙江,化工原料,ytkj,主板,20091222,王莺妹,民营企业
825,002327.SZ,002327,富安娜,深圳,纺织,fan,主板,20091230,林国芳,民营企业
826,002328.SZ,002328,新朋股份,上海,汽车配件,xpgf,主板,20091230,,
827,002329.SZ,002329,皇氏集团,广西,乳制品,hsjt,主板,20100106,,
828,002330.SZ,002330,得利斯,山东,食品,dls,主板,20100106,,
829,002331.SZ,002331,皖通科技,安徽,软件服务,wtkj,主板,20100106,无实际控制人,无
830,002332.SZ,002332,仙琚制药,浙江,化学制药,xjzy,主板,20100112,,
831,002333.SZ,002333,罗普斯金,江苏,其他建材,lpsj,主板,20100112,吴明福,外资企业
832,002334.SZ,002334,英威腾,深圳,电气设备,ywt,主板,20100113,,
833,002335.SZ,002335,科华数据,福建,电气设备,khsj,主板,20100113,,
834,002336.SZ,002336,*ST人乐,深圳,超市连锁,strl,主板,20100113,西安曲江新区管理委员会,地方国企
835,002337.SZ,002337,赛象科技,天津,化工机械,sxkj,主板,20100115,,
836,002338.SZ,002338,奥普光电,吉林,电器仪表,apgd,主板,20100115,,
837,002339.SZ,002339,积成电子,山东,电气设备,jcdz,主板,20100122,,
838,002340.SZ,002340,格林美,深圳,小金属,glm,主板,20100122,许开华,民营企业
839,002342.SZ,002342,巨力索具,河北,机械基件,jlsj,主板,20100126,,
840,002343.SZ,002343,慈文传媒,江西,影视音像,cwcm,主板,20100126,,
841,002344.SZ,002344,海宁皮城,浙江,商品城,hnpc,主板,20100126,海宁市财政局(海宁市人民政府国有资产监督管理办公室),地方国企
842,002345.SZ,002345,潮宏基,广东,服饰,chj,主板,20100128,廖木枝,民营企业
843,002346.SZ,002346,柘中股份,上海,电气设备,zzgf,主板,20100128,陆仁军,民营企业
844,002347.SZ,002347,泰尔股份,安徽,机械基件,tegf,主板,20100128,邰正彪,民营企业
845,002348.SZ,002348,高乐股份,广东,文教休闲,glgf,主板,20100203,杨镇欣,外资企业
846,002349.SZ,002349,精华制药,江苏,中成药,jhzy,主板,20100203,,
847,002350.SZ,002350,北京科锐,北京,电气设备,bjkr,主板,20100203,付小东,民营企业
848,002351.SZ,002351,漫步者,深圳,IT设备,mbz,主板,20100205,,
849,002352.SZ,002352,顺丰控股,深圳,仓储物流,sfkg,主板,20100205,,
850,002353.SZ,002353,杰瑞股份,山东,化工机械,jrgf,主板,20100205,,
851,002354.SZ,002354,天娱数科,辽宁,互联网,tysk,主板,20100209,,
852,002355.SZ,002355,兴民智通,山东,汽车配件,xmzt,主板,20100209,魏翔,民营企业
853,002356.SZ,002356,赫美集团,深圳,其他商业,hmjt,主板,20100209,柯良节,外资企业
854,002357.SZ,002357,富临运业,四川,公共交通,flyy,主板,20100210,刘锋,民营企业
855,002358.SZ,002358,森源电气,河南,电气设备,sydq,主板,20100210,河南省财政厅,地方国企
856,002360.SZ,002360,同德化工,山西,化工原料,tdhg,主板,20100303,,
857,002361.SZ,002361,神剑股份,安徽,化工原料,sjgf,主板,20100303,刘志坚,民营企业
858,002362.SZ,002362,汉王科技,北京,软件服务,hwkj,主板,20100303,,
859,002363.SZ,002363,隆基机械,山东,汽车配件,ljjx,主板,20100305,,
860,002364.SZ,002364,中恒电气,浙江,电气设备,zhdq,主板,20100305,朱国锭,民营企业
861,002365.SZ,002365,永安药业,湖北,化学制药,yayy,主板,20100305,陈勇,民营企业
862,002366.SZ,002366,融发核电,四川,专用机械,rfhd,主板,20100312,青岛西海岸新区国有资产管理局,地方国企
863,002367.SZ,002367,康力电梯,江苏,运输设备,kldt,主板,20100312,,
864,002368.SZ,002368,太极股份,北京,软件服务,tjgf,主板,20100312,,
865,002369.SZ,002369,卓翼科技,深圳,通信设备,zykj,主板,20100316,深圳市智慧城市科技发展集团有限公司,地方国企
866,002370.SZ,002370,亚太药业,浙江,化学制药,ytyy,主板,20100316,无实际控制人,无
867,002371.SZ,002371,北方华创,北京,半导体,bfhc,主板,20100316,,
868,002372.SZ,002372,伟星新材,浙江,其他建材,wxxc,主板,20100318,,
869,002373.SZ,002373,千方科技,北京,软件服务,qfkj,主板,20100318,,
870,002374.SZ,002374,中锐股份,山东,广告包装,zrgf,主板,20100318,钱建蓉,民营企业
871,002375.SZ,002375,亚厦股份,浙江,装修装饰,ysgf,主板,20100323,丁欣欣,民营企业
872,002376.SZ,002376,新北洋,山东,IT设备,xby,主板,20100323,无实际控制人,无
873,002377.SZ,002377,国创高新,湖北,其他建材,gcgx,主板,20100323,,
874,002378.SZ,002378,章源钨业,江西,小金属,zywy,主板,20100331,,
875,002379.SZ,002379,宏创控股,山东,铝,hckg,主板,20100331,张波,民营企业
876,002380.SZ,002380,科远智慧,江苏,软件服务,kyzh,主板,20100331,,
877,002381.SZ,002381,双箭股份,浙江,橡胶,sjgf,主板,20100402,,
878,002382.SZ,002382,蓝帆医疗,山东,医疗保健,lfyl,主板,20100402,,
879,002383.SZ,002383,合众思壮,北京,通信设备,hzsz,主板,20100402,郑州航空港经济综合实验区管理委员会,地方国企
880,002384.SZ,002384,东山精密,江苏,元器件,dsjm,主板,20100409,,
881,002385.SZ,002385,大北农,北京,饲料,dbn,主板,20100409,,
882,002386.SZ,002386,天原股份,四川,化工原料,tygf,主板,20100409,,
883,002387.SZ,002387,维信诺,江苏,元器件,wxn,主板,20100413,无实际控制人,无
884,002388.SZ,002388,新亚制程,浙江,元器件,xyzc,主板,20100413,徐琦,民营企业
885,002389.SZ,002389,航天彩虹,浙江,航空,htch,主板,20100413,,
886,002390.SZ,002390,信邦制药,贵州,医药商业,xbzy,主板,20100416,安吉,民营企业
887,002391.SZ,002391,长青股份,江苏,农药化肥,cqgf,主板,20100416,,
888,002392.SZ,002392,北京利尔,北京,其他建材,bjle,主板,20100423,,
889,002393.SZ,002393,力生制药,天津,化学制药,lszy,主板,20100423,,
890,002394.SZ,002394,联发股份,江苏,纺织,lfgf,主板,20100423,孔令国,民营企业
891,002395.SZ,002395,双象股份,江苏,塑料,sxgf,主板,20100429,,
892,002396.SZ,002396,星网锐捷,福建,通信设备,xwrj,主板,20100623,,
893,002397.SZ,002397,梦洁股份,湖南,纺织,mjgf,主板,20100429,李国富,民营企业
894,002398.SZ,002398,垒知集团,福建,其他建材,lzjt,主板,20100506,,
895,002399.SZ,002399,海普瑞,深圳,化学制药,hpr,主板,20100506,,
896,002400.SZ,002400,省广集团,广东,广告包装,sgjt,主板,20100506,,
897,002401.SZ,002401,中远海科,上海,软件服务,zyhk,主板,20100506,,
898,002402.SZ,002402,和而泰,深圳,元器件,het,主板,20100511,,
899,002403.SZ,002403,爱仕达,浙江,家用电器,asd,主板,20100511,,
900,002404.SZ,002404,嘉欣丝绸,浙江,纺织,jxsc,主板,20100511,,
901,002405.SZ,002405,四维图新,北京,软件服务,swtx,主板,20100518,,
902,002406.SZ,002406,远东传动,河南,汽车配件,ydcd,主板,20100518,刘延生,民营企业
903,002407.SZ,002407,多氟多,河南,化工原料,dfd,主板,20100518,,
904,002408.SZ,002408,齐翔腾达,山东,化工原料,qxtd,主板,20100518,山东省人民政府国有资产监督管理委员会,地方国企
905,002409.SZ,002409,雅克科技,江苏,半导体,ykkj,主板,20100525,,
906,002410.SZ,002410,广联达,北京,软件服务,gld,主板,20100525,,
907,002412.SZ,002412,汉森制药,湖南,中成药,hszy,主板,20100525,,
908,002413.SZ,002413,雷科防务,北京,通信设备,lkfw,主板,20100528,,
909,002414.SZ,002414,高德红外,湖北,电器仪表,gdhw,主板,20100716,,
910,002415.SZ,002415,海康威视,浙江,IT设备,hkws,主板,20100528,国务院国有资产监督管理委员会,中央国企
911,002416.SZ,002416,爱施德,深圳,电器连锁,asd,主板,20100528,,
912,002418.SZ,002418,康盛股份,浙江,家用电器,ksgf,主板,20100601,解直锟,民营企业
913,002419.SZ,002419,天虹股份,深圳,百货,thgf,主板,20100601,中国航空工业集团有限公司,中央国企
914,002420.SZ,002420,毅昌科技,广东,家用电器,yckj,主板,20100601,,
915,002421.SZ,002421,达实智能,深圳,软件服务,dszn,主板,20100603,,
916,002422.SZ,002422,科伦药业,四川,化学制药,klyy,主板,20100603,,
917,002423.SZ,002423,中粮资本,河南,多元金融,zlzb,主板,20100603,,
918,002424.SZ,002424,ST百灵,贵州,中成药,stbl,主板,20100603,,
919,002425.SZ,002425,凯撒文化,广东,互联网,kswh,主板,20100608,郑合明,外资企业
920,002426.SZ,002426,胜利精密,江苏,元器件,sljm,主板,20100608,,
921,002427.SZ,002427,尤夫股份,浙江,化纤,yfgf,主板,20100608,无实际控制人,无
922,002428.SZ,002428,云南锗业,云南,小金属,ynzy,主板,20100608,,
923,002429.SZ,002429,兆驰股份,深圳,家用电器,zcgf,主板,20100610,深圳市资本运营集团有限公司,地方国企
924,002430.SZ,002430,杭氧股份,浙江,化工机械,hygf,主板,20100610,,
925,002431.SZ,002431,棕榈股份,河南,建筑工程,zlgf,主板,20100610,,
926,002432.SZ,002432,九安医疗,天津,医疗保健,jayl,主板,20100610,,
927,002434.SZ,002434,万里扬,浙江,汽车配件,wly,主板,20100618,,
928,002436.SZ,002436,兴森科技,深圳,元器件,xskj,主板,20100618,,
929,002437.SZ,002437,誉衡药业,黑龙江,化学制药,yhyy,主板,20100623,无实际控制人,无
930,002438.SZ,002438,江苏神通,江苏,机械基件,jsst,主板,20100623,韩力,民营企业
931,002439.SZ,002439,启明星辰,北京,软件服务,qmxc,主板,20100623,,
932,002440.SZ,002440,闰土股份,浙江,染料涂料,rtgf,主板,20100706,张爱娟,民营企业
933,002441.SZ,002441,众业达,广东,电气设备,zyd,主板,20100706,,
934,002442.SZ,002442,龙星化工,河北,化工原料,lxhg,主板,20100706,,
935,002443.SZ,002443,金洲管道,浙江,钢加工,jzgd,主板,20100706,寿光市地方金融监督管理局(寿光市国有资产监督管理局),地方国企
936,002444.SZ,002444,巨星科技,浙江,轻工机械,jxkj,主板,20100713,,
937,002445.SZ,002445,中南文化,江苏,钢加工,znwh,主板,20100713,江阴高新技术产业开发区管理委员会,地方国企
938,002446.SZ,002446,盛路通信,广东,通信设备,sltx,主板,20100713,,
939,002448.SZ,002448,中原内配,河南,汽车配件,zynp,主板,20100716,,
940,002449.SZ,002449,国星光电,广东,半导体,gxgd,主板,20100716,广东省广晟控股集团有限公司,地方国企
941,002451.SZ,002451,摩恩电气,上海,电气设备,medq,主板,20100720,,
942,002452.SZ,002452,长高电新,湖南,电气设备,cgdx,主板,20100720,马孝武,民营企业
943,002453.SZ,002453,华软科技,江苏,化工原料,hrkj,主板,20100720,张景明,民营企业
944,002454.SZ,002454,松芝股份,上海,汽车配件,szgf,主板,20100720,陈福成,外资企业
945,002455.SZ,002455,百川股份,江苏,化工原料,bcgf,主板,20100803,,
946,002456.SZ,002456,欧菲光,深圳,元器件,ofg,主板,20100803,,
947,002457.SZ,002457,青龙管业,宁夏,塑料,qlgy,主板,20100803,,
948,002458.SZ,002458,益生股份,山东,农业综合,ysgf,主板,20100810,,
949,002459.SZ,002459,晶澳科技,河北,电气设备,jakj,主板,20100810,靳保芳,民营企业
950,002460.SZ,002460,赣锋锂业,江西,小金属,gfly,主板,20100810,,
951,002461.SZ,002461,珠江啤酒,广东,啤酒,zjpj,主板,20100818,,
952,002462.SZ,002462,嘉事堂,北京,医药商业,jst,主板,20100818,中华人民共和国中央人民政府,中央国企
953,002463.SZ,002463,沪电股份,江苏,元器件,hdgf,主板,20100818,,
954,002465.SZ,002465,海格通信,广东,通信设备,hgtx,主板,20100831,广州市人民政府,地方国企
955,002466.SZ,002466,天齐锂业,四川,小金属,tqly,主板,20100831,,
956,002467.SZ,002467,二六三,北京,互联网,els,主板,20100908,,
957,002468.SZ,002468,申通快递,浙江,仓储物流,stkd,主板,20100908,李家德,外资企业
958,002469.SZ,002469,三维化学,山东,化工原料,swhx,主板,20100908,,
959,002470.SZ,002470,金正大,山东,农药化肥,jzd,主板,20100908,临沭县国有资产管理服务中心,地方国企
960,002471.SZ,002471,中超控股,江苏,电气设备,zckg,主板,20100910,,
961,002472.SZ,002472,双环传动,浙江,汽车配件,shcd,主板,20100910,,
962,002474.SZ,002474,榕基软件,福建,软件服务,rjrj,主板,20100915,,
963,002475.SZ,002475,立讯精密,深圳,元器件,lxjm,主板,20100915,王来春,外资企业
964,002476.SZ,002476,宝莫股份,山东,化工原料,bmgf,主板,20100915,,
965,002478.SZ,002478,常宝股份,江苏,钢加工,cbgf,主板,20100921,,
966,002479.SZ,002479,富春环保,浙江,新型电力,fchb,主板,20100921,江西省南昌市人民政府国有资产监督管理委员会,地方国企
967,002480.SZ,002480,新筑股份,四川,运输设备,xzgf,主板,20100921,四川省政府国有资产监督管理委员会,地方国企
968,002481.SZ,002481,双塔食品,山东,食品,stsp,主板,20100921,招远市金岭镇人民政府,地方国企
969,002482.SZ,002482,广田集团,深圳,装修装饰,gtjt,主板,20100929,,
970,002483.SZ,002483,润邦股份,江苏,专用机械,rbgf,主板,20100929,广州市人民政府,地方国企
971,002484.SZ,002484,江海股份,江苏,元器件,jhgf,主板,20100929,方铿,外资企业
972,002485.SZ,002485,ST雪发,山东,商贸代理,stxf,主板,20101015,,
973,002486.SZ,002486,嘉麟杰,上海,服饰,jlj,主板,20101015,,
974,002487.SZ,002487,大金重工,辽宁,电气设备,djzg,主板,20101015,,
975,002488.SZ,002488,金固股份,浙江,汽车配件,jggf,主板,20101021,,
976,002489.SZ,002489,浙江永强,浙江,家居用品,zjyq,主板,20101021,,
977,002490.SZ,002490,ST墨龙,山东,化工机械,stml,主板,20101021,寿光市地方金融监督管理局(寿光市国有资产监督管理局),地方国企
978,002491.SZ,002491,通鼎互联,江苏,通信设备,tdhl,主板,20101021,,
979,002492.SZ,002492,恒基达鑫,广东,仓储物流,hjdx,主板,20101102,,
980,002493.SZ,002493,荣盛石化,浙江,化纤,rssh,主板,20101102,,
981,002494.SZ,002494,华斯股份,河北,服饰,hsgf,主板,20101102,,
982,002495.SZ,002495,佳隆股份,广东,食品,jlgf,主板,20101102,,
983,002496.SZ,002496,辉丰股份,江苏,农药化肥,hfgf,主板,20101109,,
984,002497.SZ,002497,雅化集团,四川,小金属,yhjt,主板,20101109,,
985,002498.SZ,002498,汉缆股份,山东,电气设备,hlgf,主板,20101109,,
986,002500.SZ,002500,山西证券,山西,证券,sxzq,主板,20101115,,
987,002501.SZ,002501,利源股份,吉林,铝,lygf,主板,20101117,张永侠,民营企业
988,002506.SZ,002506,协鑫集成,上海,电气设备,xxjc,主板,20101118,朱共山,外资企业
989,002507.SZ,002507,涪陵榨菜,重庆,食品,flzc,主板,20101123,重庆市涪陵区国有资产监督管理委员会,地方国企
990,002508.SZ,002508,老板电器,浙江,家用电器,lbdq,主板,20101123,,
991,002510.SZ,002510,天汽模,天津,汽车配件,tqm,主板,20101125,,
992,002511.SZ,002511,中顺洁柔,广东,造纸,zsjr,主板,20101125,,
993,002512.SZ,002512,达华智能,福建,IT设备,dhzn,主板,20101203,无实际控制人,无
994,002513.SZ,002513,蓝丰生化,江苏,农药化肥,lfsh,主板,20101203,刘智,民营企业
995,002514.SZ,002514,宝馨科技,江苏,机械基件,bxkj,主板,20101203,叶云宙,外资企业
996,002515.SZ,002515,金字火腿,浙江,食品,jzht,主板,20101203,任贵龙,民营企业
997,002516.SZ,002516,旷达科技,江苏,汽车配件,kdkj,主板,20101207,,
998,002517.SZ,002517,恺英网络,福建,互联网,kywl,主板,20101207,王燕娥,外资企业
999,002518.SZ,002518,科士达,深圳,电气设备,ksd,主板,20101207,,
1000,002519.SZ,002519,银河电子,江苏,通信设备,yhdz,主板,20101207,,
1001,002520.SZ,002520,日发精机,浙江,机床制造,rfjj,主板,20101210,吴捷,民营企业
1002,002521.SZ,002521,齐峰新材,山东,造纸,qfxc,主板,20101210,,
1003,002522.SZ,002522,浙江众成,浙江,塑料,zjzc,主板,20101210,湖南省常德市人民政府国有资产监督管理委员会,地方国企
1004,002523.SZ,002523,天桥起重,湖南,专用机械,tqqz,主板,20101210,株洲市人民政府国有资产监督管理委员会,地方国企
1005,002524.SZ,002524,光正眼科,新疆,医疗保健,gzyk,主板,20101217,,
1006,002526.SZ,002526,山东矿机,山东,工程机械,sdkj,主板,20101217,,
1007,002527.SZ,002527,新时达,上海,电器仪表,xsd,主板,20101224,,
1008,002528.SZ,002528,ST英飞拓,深圳,IT设备,styft,主板,20101224,深圳市投资控股有限公司,地方国企
1009,002529.SZ,002529,海源复材,江西,专用机械,hyfc,主板,20101224,甘胜泉,民营企业
1010,002530.SZ,002530,金财互联,江苏,专用机械,jchl,主板,20101231,谢力,民营企业
1011,002531.SZ,002531,天顺风能,江苏,电气设备,tsfn,主板,20101231,,
1012,002532.SZ,002532,天山铝业,浙江,铝,tsly,主板,20101231,曾超懿,民营企业
1013,002533.SZ,002533,金杯电工,湖南,电气设备,jbdg,主板,20101231,,
1014,002534.SZ,002534,西子洁能,浙江,专用机械,xzjn,主板,20110110,谢水琴,外资企业
1015,002535.SZ,002535,林州重机,河南,工程机械,lzzj,主板,20110111,郭现生,民营企业
1016,002536.SZ,002536,飞龙股份,河南,汽车配件,flgf,主板,20110111,,
1017,002537.SZ,002537,海联金汇,山东,汽车配件,hljh,主板,20110110,,
1018,002538.SZ,002538,司尔特,安徽,农药化肥,set,主板,20110118,,
1019,002539.SZ,002539,云图控股,四川,农药化肥,ytkg,主板,20110118,,
1020,002540.SZ,002540,亚太科技,江苏,铝,ytkj,主板,20110118,,
1021,002541.SZ,002541,鸿路钢构,安徽,钢加工,hlgg,主板,20110118,,
1022,002542.SZ,002542,中化岩土,北京,建筑工程,zhyt,主板,20110128,成都市国有资产监督管理委员会,地方国企
1023,002543.SZ,002543,万和电气,广东,家用电器,whdq,主板,20110128,,
1024,002544.SZ,002544,普天科技,广东,通信设备,ptkj,主板,20110128,,
1025,002545.SZ,002545,东方铁塔,山东,农药化肥,dftt,主板,20110211,,
1026,002546.SZ,002546,新联电子,江苏,电气设备,xldz,主板,20110211,,
1027,002547.SZ,002547,春兴精工,江苏,汽车配件,cxjg,主板,20110218,孙洁晓,民营企业
1028,002548.SZ,002548,金新农,深圳,饲料,jxn,主板,20110218,,
1029,002549.SZ,002549,凯美特气,湖南,环境保护,kmtq,主板,20110218,祝恩福,外资企业
1030,002550.SZ,002550,千红制药,江苏,生物制药,qhzy,主板,20110218,王耀方,民营企业
1031,002551.SZ,002551,尚荣医疗,深圳,医疗保健,sryl,主板,20110225,,
1032,002552.SZ,002552,宝鼎科技,浙江,元器件,bdkj,主板,20110225,招远市人民政府,地方国企
1033,002553.SZ,002553,南方精工,江苏,汽车配件,nfjg,主板,20110225,史建伟,民营企业
1034,002554.SZ,002554,惠博普,湖南,石油开采,hbp,主板,20110225,长沙市人民政府国有资产监督管理委员会,地方国企
1035,002555.SZ,002555,三七互娱,安徽,互联网,sqhy,主板,20110302,,
1036,002556.SZ,002556,辉隆股份,安徽,农药化肥,hlgf,主板,20110302,安徽省供销合作社联合社,集体企业
1037,002557.SZ,002557,洽洽食品,安徽,食品,qqsp,主板,20110302,,
1038,002558.SZ,002558,巨人网络,重庆,互联网,jrwl,主板,20110302,,
1039,002559.SZ,002559,亚威股份,江苏,机床制造,ywgf,主板,20110303,,
1040,002560.SZ,002560,通达股份,河南,电气设备,tdgf,主板,20110303,,
1041,002561.SZ,002561,徐家汇,上海,百货,xjh,主板,20110303,上海市徐汇区人民政府国有资产监督管理委员会,地方国企
1042,002562.SZ,002562,兄弟科技,浙江,化学制药,xdkj,主板,20110310,,
1043,002563.SZ,002563,森马服饰,浙江,服饰,smfs,主板,20110311,,
1044,002564.SZ,002564,*ST天沃,江苏,化工机械,sttw,主板,20110310,上海市国有资产监督管理委员会,地方国企
1045,002565.SZ,002565,顺灏股份,上海,造纸,shgf,主板,20110318,王丹,外资企业
1046,002566.SZ,002566,益盛药业,吉林,中成药,ysyy,主板,20110318,,
1047,002567.SZ,002567,唐人神,湖南,饲料,trs,主板,20110325,陶一山,民营企业
1048,002568.SZ,002568,百润股份,上海,红黄酒,brgf,主板,20110325,,
1049,002569.SZ,002569,ST步森,浙江,服饰,stbs,主板,20110412,王春江,民营企业
1050,002570.SZ,002570,贝因美,浙江,乳制品,bym,主板,20110412,,
1051,002571.SZ,002571,德力股份,安徽,家居用品,dlgf,主板,20110412,,
1052,002572.SZ,002572,索菲亚,广东,家居用品,sfy,主板,20110412,,
1053,002573.SZ,002573,清新环境,北京,环境保护,qxhj,主板,20110422,四川省政府国有资产监督管理委员会,地方国企
1054,002574.SZ,002574,明牌珠宝,浙江,服饰,mpzb,主板,20110422,,
1055,002575.SZ,002575,群兴玩具,广东,文教休闲,qxwj,主板,20110422,,
1056,002576.SZ,002576,通达动力,江苏,电气设备,tddl,主板,20110428,姜客宇,民营企业
1057,002577.SZ,002577,雷柏科技,深圳,IT设备,lbkj,主板,20110428,曾浩,外资企业
1058,002578.SZ,002578,闽发铝业,福建,铝,mfly,主板,20110428,上饶市国有资产监督管理委员会,地方国企
1059,002579.SZ,002579,中京电子,广东,元器件,zjdz,主板,20110506,,
1060,002580.SZ,002580,圣阳股份,山东,电气设备,sygf,主板,20110506,宋斌,民营企业
1061,002581.SZ,002581,未名医药,山东,生物制药,wmyy,主板,20110520,潘爱华,民营企业
1062,002582.SZ,002582,好想你,河南,食品,hxn,主板,20110520,石聚彬,民营企业
1063,002583.SZ,002583,海能达,深圳,通信设备,hnd,主板,20110527,,
1064,002584.SZ,002584,西陇科学,广东,化工原料,xlkx,主板,20110602,,
1065,002585.SZ,002585,双星新材,江苏,塑料,sxxc,主板,20110602,,
1066,002586.SZ,002586,*ST围海,浙江,建筑工程,stwh,主板,20110602,冯全宏,民营企业
1067,002587.SZ,002587,奥拓电子,深圳,元器件,atdz,主板,20110610,,
1068,002588.SZ,002588,史丹利,山东,农药化肥,sdl,主板,20110610,,
1069,002589.SZ,002589,瑞康医药,山东,医药商业,rkyy,主板,20110610,,
1070,002590.SZ,002590,万安科技,浙江,汽车配件,wakj,主板,20110610,,
1071,002591.SZ,002591,恒大高新,江西,环境保护,hdgx,主板,20110621,,
1072,002592.SZ,002592,ST八菱,广西,汽车配件,stbl,主板,20111111,杨竞忠,民营企业
1073,002593.SZ,002593,日上集团,福建,钢加工,rsjt,主板,20110628,,
1074,002594.SZ,002594,比亚迪,深圳,汽车整车,byd,主板,20110630,,
1075,002595.SZ,002595,豪迈科技,山东,专用机械,hmkj,主板,20110628,,
1076,002596.SZ,002596,海南瑞泽,海南,水泥,hnrz,主板,20110707,,
1077,002597.SZ,002597,金禾实业,安徽,食品,jhsy,主板,20110707,,
1078,002598.SZ,002598,山东章鼓,山东,机械基件,sdzg,主板,20110707,济南市章丘区财政局,地方国企
1079,002599.SZ,002599,盛通股份,北京,广告包装,stgf,主板,20110715,,
1080,002600.SZ,002600,领益智造,广东,元器件,lyzz,主板,20110715,,
1081,002601.SZ,002601,龙佰集团,河南,化工原料,lbjt,主板,20110715,许刚,民营企业
1082,002602.SZ,002602,世纪华通,浙江,互联网,sjht,主板,20110728,无实际控制人,无
1083,002603.SZ,002603,以岭药业,河北,中成药,ylyy,主板,20110728,,
1084,002605.SZ,002605,姚记科技,上海,互联网,yjkj,主板,20110805,,
1085,002606.SZ,002606,大连电瓷,辽宁,电气设备,dldc,主板,20110805,,
1086,002607.SZ,002607,中公教育,安徽,文教休闲,zgjy,主板,20110810,鲁忠芳,民营企业
1087,002608.SZ,002608,江苏国信,江苏,火力发电,jsgx,主板,20110810,江苏省政府国有资产监督管理委员会,地方国企
1088,002609.SZ,002609,捷顺科技,深圳,软件服务,jskj,主板,20110815,,
1089,002611.SZ,002611,东方精工,广东,轻工机械,dfjg,主板,20110830,,
1090,002612.SZ,002612,朗姿股份,北京,服饰,lzgf,主板,20110830,,
1091,002613.SZ,002613,北玻股份,河南,专用机械,bbgf,主板,20110830,,
1092,002614.SZ,002614,奥佳华,福建,家用电器,ajh,主板,20110909,,
1093,002615.SZ,002615,哈尔斯,浙江,家居用品,hes,主板,20110909,,
1094,002616.SZ,002616,长青集团,广东,环境保护,cqjt,主板,20110920,何启强,民营企业
1095,002617.SZ,002617,露笑科技,浙江,电气设备,lxkj,主板,20110920,,
1096,002620.SZ,002620,瑞和股份,深圳,装修装饰,rhgf,主板,20110929,,
1097,002622.SZ,002622,皓宸医疗,吉林,医疗保健,hcyl,主板,20111018,解直锟,民营企业
1098,002623.SZ,002623,亚玛顿,江苏,玻璃,ymd,主板,20111013,,
1099,002624.SZ,002624,完美世界,浙江,互联网,wmsj,主板,20111028,,
1100,002625.SZ,002625,光启技术,深圳,航空,gqjs,主板,20111103,,
1101,002626.SZ,002626,金达威,福建,医疗保健,jdw,主板,20111028,,
1102,002627.SZ,002627,三峡旅游,湖北,旅游景点,sxly,主板,20111103,宜昌市人民政府国有资产监督管理委员会,地方国企
1103,002628.SZ,002628,成都路桥,四川,建筑工程,cdlq,主板,20111103,刘江东,民营企业
1104,002629.SZ,002629,仁智股份,浙江,石油开采,rzgf,主板,20111103,陈泽虹,民营企业
1105,002630.SZ,002630,华西能源,四川,专用机械,hxny,主板,20111111,,
1106,002631.SZ,002631,德尔未来,江苏,家居用品,dewl,主板,20111111,,
1107,002632.SZ,002632,道明光学,浙江,塑料,dmgx,主板,20111122,胡智彪,民营企业
1108,002633.SZ,002633,申科股份,浙江,机械基件,skgf,主板,20111122,何全波,民营企业
1109,002634.SZ,002634,棒杰股份,浙江,服饰,bjgf,主板,20111205,,
1110,002635.SZ,002635,安洁科技,江苏,元器件,ajkj,主板,20111125,,
1111,002636.SZ,002636,金安国纪,上海,元器件,jagj,主板,20111125,,
1112,002637.SZ,002637,赞宇科技,浙江,日用化工,zykj,主板,20111125,张惠琪,民营企业
1113,002638.SZ,002638,勤上股份,广东,家用电器,qsgf,主板,20111125,李旭亮,民营企业
1114,002639.SZ,002639,雪人股份,福建,专用机械,xrgf,主板,20111205,,
1115,002640.SZ,002640,跨境通,山西,互联网,kjt,主板,20111208,广州开发区管理委员会,地方国企
1116,002641.SZ,002641,公元股份,浙江,塑料,gygf,主板,20111208,,
1117,002642.SZ,002642,荣联科技,北京,软件服务,rlkj,主板,20111220,济宁高新技术产业开发区国有资本管理办公室,地方国企
1118,002643.SZ,002643,万润股份,山东,化工原料,wrgf,主板,20111220,,
1119,002644.SZ,002644,佛慈制药,甘肃,中成药,fczy,主板,20111222,兰州市人民政府国有资产监督管理委员会,地方国企
1120,002645.SZ,002645,华宏科技,江苏,专用机械,hhkj,主板,20111220,,
1121,002646.SZ,002646,天佑德酒,青海,白酒,tydj,主板,20111222,,
1122,002647.SZ,002647,仁东控股,广东,多元金融,rdkg,主板,20111228,北京市海淀区人民政府国有资产监督管理委员会,地方国企
1123,002648.SZ,002648,卫星化学,浙江,化工原料,wxhx,主板,20111228,,
1124,002649.SZ,002649,博彦科技,北京,软件服务,bykj,主板,20120106,,
1125,002650.SZ,002650,ST加加,湖南,食品,stjj,主板,20120106,,
1126,002651.SZ,002651,利君股份,四川,航空,ljgf,主板,20120106,,
1127,002652.SZ,002652,扬子新材,江苏,其他建材,yzxc,主板,20120119,,
1128,002653.SZ,002653,海思科,西藏,化学制药,hsk,主板,20120117,,
1129,002654.SZ,002654,万润科技,深圳,互联网,wrkj,主板,20120217,,
1130,002655.SZ,002655,共达电声,山东,元器件,gdds,主板,20120217,万魔声学股份有限公司,民营企业
1131,002656.SZ,002656,ST摩登,广东,服饰,stmd,主板,20120228,,
1132,002657.SZ,002657,中科金财,北京,软件服务,zkjc,主板,20120228,,
1133,002658.SZ,002658,雪迪龙,北京,环境保护,xdl,主板,20120309,,
1134,002659.SZ,002659,凯文教育,北京,文教休闲,kwjy,主板,20120309,,
1135,002660.SZ,002660,茂硕电源,深圳,电气设备,msdy,主板,20120316,济南产业发展投资集团有限公司,地方国企
1136,002661.SZ,002661,克明食品,湖南,食品,kmsp,主板,20120316,,
1137,002662.SZ,002662,京威股份,北京,汽车配件,jwgf,主板,20120309,无实际控制人,无
1138,002663.SZ,002663,普邦股份,广东,建筑工程,pbgf,主板,20120316,,
1139,002664.SZ,002664,信质集团,浙江,汽车配件,xzjt,主板,20120316,,
1140,002666.SZ,002666,德联集团,广东,化工原料,dljt,主板,20120327,,
1141,002667.SZ,002667,威领股份,湖南,小金属,wlgf,主板,20120329,黄达,民营企业
1142,002668.SZ,002668,TCL智家,广东,家用电器,tclzj,主板,20120416,李东生,民营企业
1143,002669.SZ,002669,康达新材,上海,化工原料,kdxc,主板,20120416,唐山市人民政府国有资产监督管理委员会,地方国企
1144,002670.SZ,002670,国盛金控,江西,证券,gsjk,主板,20120416,江西省交通运输厅,地方国企
1145,002671.SZ,002671,龙泉股份,山东,水泥,lqgf,主板,20120426,许培锋,外资企业
1146,002672.SZ,002672,东江环保,深圳,环境保护,djhb,主板,20120426,,
1147,002673.SZ,002673,西部证券,陕西,证券,xbzq,主板,20120503,,
1148,002674.SZ,002674,兴业科技,福建,纺织,xykj,主板,20120507,,
1149,002675.SZ,002675,东诚药业,山东,化学制药,dcyy,主板,20120525,,
1150,002676.SZ,002676,顺威股份,广东,家用电器,swgf,主板,20120525,麦仁钊,外资企业
1151,002677.SZ,002677,浙江美大,浙江,家用电器,zjmd,主板,20120525,夏志生,民营企业
1152,002678.SZ,002678,珠江钢琴,广东,文教休闲,zjgq,主板,20120530,,
1153,002679.SZ,002679,福建金森,福建,林业,fjjs,主板,20120605,,
1154,002681.SZ,002681,奋达科技,深圳,元器件,fdkj,主板,20120605,,
1155,002682.SZ,002682,龙洲股份,福建,仓储物流,lzgf,主板,20120612,,
1156,002683.SZ,002683,广东宏大,广东,化工原料,gdhd,主板,20120612,广东省环保集团有限公司,地方国企
1157,002685.SZ,002685,华东重机,江苏,机床制造,hdzj,主板,20120612,翁耀根,民营企业
1158,002686.SZ,002686,亿利达,浙江,专用机械,yld,主板,20120703,,
1159,002687.SZ,002687,乔治白,浙江,服饰,qzb,主板,20120713,池也,民营企业
1160,002688.SZ,002688,金河生物,内蒙,农业综合,jhsw,主板,20120713,,
1161,002689.SZ,002689,远大智能,辽宁,运输设备,ydzn,主板,20120717,康宝华,民营企业
1162,002690.SZ,002690,美亚光电,安徽,专用机械,mygd,主板,20120731,,
1163,002691.SZ,002691,冀凯股份,河北,专用机械,jkgf,主板,20120731,,
1164,002692.SZ,002692,远程股份,江苏,电气设备,ycgf,主板,20120808,无实际控制人,无
1165,002693.SZ,002693,双成药业,海南,生物制药,scyy,主板,20120808,,
1166,002694.SZ,002694,顾地科技,湖北,塑料,gdkj,主板,20120816,林超群,外资企业
1167,002695.SZ,002695,煌上煌,江西,食品,hsh,主板,20120905,,
1168,002696.SZ,002696,百洋股份,广西,饲料,bygf,主板,20120905,青岛市人民政府国有资产监督管理委员会,地方国企
1169,002697.SZ,002697,红旗连锁,四川,超市连锁,hqls,主板,20120905,曹世如,民营企业
1170,002698.SZ,002698,博实股份,黑龙江,化工机械,bsgf,主板,20120911,邓喜军,民营企业
1171,002700.SZ,002700,ST浩源,新疆,供气供热,sthy,主板,20120921,周举东,民营企业
1172,002701.SZ,002701,奥瑞金,北京,广告包装,arj,主板,20121011,,
1173,002702.SZ,002702,海欣食品,福建,食品,hxsp,主板,20121011,,
1174,002703.SZ,002703,浙江世宝,浙江,汽车配件,zjsb,主板,20121102,,
1175,002705.SZ,002705,新宝股份,广东,家用电器,xbgf,主板,20140121,,
1176,002706.SZ,002706,良信股份,上海,电气设备,lxgf,主板,20140121,任思龙,民营企业
1177,002707.SZ,002707,众信旅游,北京,旅游服务,zxly,主板,20140123,,
1178,002708.SZ,002708,光洋股份,江苏,汽车配件,gygf,主板,20140121,扬州富海光洋股权投资基金合伙企业(有限合伙),民营企业
1179,002709.SZ,002709,天赐材料,广东,化工原料,tccl,主板,20140123,,
1180,002712.SZ,002712,思美传媒,浙江,广告包装,smcm,主板,20140123,四川省政府国有资产监督管理委员会,地方国企
1181,002713.SZ,002713,东易日盛,北京,装修装饰,dyrs,主板,20140219,陈辉,民营企业
1182,002714.SZ,002714,牧原股份,河南,农业综合,mygf,主板,20140128,,
1183,002715.SZ,002715,登云股份,广东,汽车配件,dygf,主板,20140219,,
1184,002716.SZ,002716,湖南白银,湖南,小金属,hnby,主板,20140128,郴州市发展投资集团产业投资经营有限公司,地方国企
1185,002717.SZ,002717,岭南股份,广东,环境保护,lngf,主板,20140219,中山火炬高技术产业开发区管理委员会,地方国企
1186,002718.SZ,002718,友邦吊顶,浙江,其他建材,ybdd,主板,20140128,时沈祥,民营企业
1187,002719.SZ,002719,麦趣尔,新疆,乳制品,mqe,主板,20140128,,
1188,002721.SZ,002721,ST金一,北京,服饰,stjy,主板,20140127,,
1189,002722.SZ,002722,物产金轮,江苏,钢加工,wcjl,主板,20140128,浙江省人民政府国有资产监督管理委员会,地方国企
1190,002723.SZ,002723,小崧股份,广东,家用电器,xsgf,主板,20140129,,
1191,002724.SZ,002724,海洋王,深圳,元器件,hyw,主板,20141104,徐素,民营企业
1192,002725.SZ,002725,跃岭股份,浙江,汽车配件,ylgf,主板,20140129,,
1193,002726.SZ,002726,龙大美食,山东,食品,ldms,主板,20140626,戴学斌,民营企业
1194,002727.SZ,002727,一心堂,云南,医药商业,yxt,主板,20140702,,
1195,002728.SZ,002728,特一药业,广东,中成药,tyyy,主板,20140731,许丹青,民营企业
1196,002729.SZ,002729,好利科技,福建,元器件,hlkj,主板,20140912,黄汉侨,外资企业
1197,002730.SZ,002730,电光科技,浙江,专用机械,dgkj,主板,20141009,石晓霞,民营企业
1198,002731.SZ,002731,萃华珠宝,辽宁,服饰,chzb,主板,20141104,,
1199,002732.SZ,002732,燕塘乳业,广东,乳制品,ytry,主板,20141205,,
1200,002733.SZ,002733,雄韬股份,深圳,电气设备,xtgf,主板,20141203,,
1201,002734.SZ,002734,利民股份,江苏,农药化肥,lmgf,主板,20150127,,
1202,002735.SZ,002735,王子新材,深圳,塑料,wzxc,主板,20141203,王进军,民营企业
1203,002736.SZ,002736,国信证券,深圳,证券,gxzq,主板,20141229,深圳市人民政府国有资产监督管理委员会,地方国企
1204,002737.SZ,002737,葵花药业,黑龙江,中成药,khyy,主板,20141230,,
1205,002738.SZ,002738,中矿资源,北京,小金属,zkzy,主板,20141230,,
1206,002739.SZ,002739,万达电影,北京,影视音像,wddy,主板,20150122,,
1207,002741.SZ,002741,光华科技,广东,化工原料,ghkj,主板,20150216,,
1208,002742.SZ,002742,ST三圣,重庆,水泥,stss,主板,20150217,潘先文,民营企业
1209,002743.SZ,002743,富煌钢构,安徽,钢加工,fhgg,主板,20150217,,
1210,002745.SZ,002745,木林森,广东,元器件,mls,主板,20150217,孙清焕,民营企业
1211,002746.SZ,002746,仙坛股份,山东,农业综合,xtgf,主板,20150216,,
1212,002747.SZ,002747,埃斯顿,江苏,机械基件,asd,主板,20150320,,
1213,002748.SZ,002748,ST世龙,江西,化工原料,stsl,主板,20150319,,
1214,002749.SZ,002749,国光股份,四川,农药化肥,gggf,主板,20150320,,
1215,002750.SZ,002750,*ST龙津,云南,中成药,stlj,主板,20150324,,
1216,002752.SZ,002752,昇兴股份,福建,广告包装,sxgf,主板,20150422,林永贤,外资企业
1217,002753.SZ,002753,永东股份,山西,化工原料,ydgf,主板,20150519,,
1218,002755.SZ,002755,奥赛康,北京,化学制药,ask,主板,20150515,陈庆财,民营企业
1219,002756.SZ,002756,永兴材料,浙江,小金属,yxcl,主板,20150515,,
1220,002757.SZ,002757,南兴股份,广东,专用机械,nxgf,主板,20150527,詹谏醒,民营企业
1221,002758.SZ,002758,浙农股份,浙江,批发业,zngf,主板,20150527,浙江省供销合作社联合社,集体企业
1222,002759.SZ,002759,天际股份,广东,电气设备,tjgf,主板,20150528,吴锡盾,外资企业
1223,002760.SZ,002760,凤形股份,江西,机械基件,fxgf,主板,20150611,黄代放,民营企业
1224,002761.SZ,002761,浙江建投,浙江,建筑工程,zjjt,主板,20150610,浙江省人民政府国有资产监督管理委员会,地方国企
1225,002762.SZ,002762,金发拉比,广东,服饰,jflb,主板,20150610,林浩亮,民营企业
1226,002763.SZ,002763,汇洁股份,深圳,服饰,hjgf,主板,20150610,吕兴平,民营企业
1227,002765.SZ,002765,蓝黛科技,重庆,元器件,ldkj,主板,20150612,朱堂福,民营企业
1228,002766.SZ,002766,索菱股份,深圳,汽车配件,slgf,主板,20150611,许培锋,民营企业
1229,002767.SZ,002767,先锋电子,浙江,电器仪表,xfdz,主板,20150612,石义民,民营企业
1230,002768.SZ,002768,国恩股份,山东,塑料,gegf,主板,20150630,,
1231,002769.SZ,002769,普路通,深圳,仓储物流,plt,主板,20150629,广州市人民政府,地方国企
1232,002771.SZ,002771,真视通,北京,软件服务,zst,主板,20150629,胡小周,民营企业
1233,002772.SZ,002772,众兴菌业,甘肃,种植业,zxjy,主板,20150626,,
1234,002773.SZ,002773,康弘药业,四川,化学制药,khyy,主板,20150626,,
1235,002774.SZ,002774,快意电梯,广东,运输设备,kydt,主板,20170324,,
1236,002775.SZ,002775,文科股份,广东,建筑工程,wkgf,主板,20150629,佛山市人民政府国有资产监督管理委员会,地方国企
1237,002777.SZ,002777,久远银海,四川,软件服务,jyyh,主板,20151231,,
1238,002778.SZ,002778,中晟高科,江苏,环境保护,zsgk,主板,20160106,苏州市吴中区人民政府,地方国企
1239,002779.SZ,002779,中坚科技,浙江,农用机械,zjkj,主板,20151209,,
1240,002780.SZ,002780,三夫户外,北京,服饰,sfhw,主板,20151209,,
1241,002782.SZ,002782,可立克,深圳,元器件,klk,主板,20151222,,
1242,002783.SZ,002783,凯龙股份,湖北,化工原料,klgf,主板,20151209,荆门市人民政府国有资产监督管理委员会,地方国企
1243,002785.SZ,002785,万里石,福建,其他建材,wls,主板,20151223,,
1244,002786.SZ,002786,银宝山新,深圳,专用机械,ybsx,主板,20151223,中国东方资产管理股份有限公司,中央国企
1245,002787.SZ,002787,华源控股,江苏,广告包装,hykg,主板,20151231,,
1246,002788.SZ,002788,鹭燕医药,福建,医药商业,lyyy,主板,20160218,,
1247,002789.SZ,002789,建艺集团,深圳,装修装饰,jyjt,主板,20160311,珠海市香洲区国有资产管理办公室,地方国企
1248,002790.SZ,002790,瑞尔特,福建,家居用品,ret,主板,20160308,,
1249,002791.SZ,002791,坚朗五金,广东,其他建材,jlwj,主板,20160329,,
1250,002792.SZ,002792,通宇通讯,广东,通信设备,tytx,主板,20160328,,
1251,002793.SZ,002793,罗欣药业,山东,化学制药,lxyy,主板,20160415,刘保起,民营企业
1252,002795.SZ,002795,永和智控,浙江,机械基件,yhzk,主板,20160428,曹德莅,民营企业
1253,002796.SZ,002796,世嘉科技,江苏,通信设备,sjkj,主板,20160510,,
1254,002797.SZ,002797,第一创业,深圳,证券,dycy,主板,20160511,,
1255,002798.SZ,002798,帝欧家居,四川,家居用品,dojj,主板,20160525,,
1256,002799.SZ,002799,环球印务,陕西,广告包装,hqyw,主板,20160608,,
1257,002800.SZ,002800,天顺股份,新疆,仓储物流,tsgf,主板,20160530,,
1258,002801.SZ,002801,微光股份,浙江,电气设备,wggf,主板,20160622,,
1259,002802.SZ,002802,洪汇新材,江苏,化工原料,hhxc,主板,20160629,,
1260,002803.SZ,002803,吉宏股份,福建,互联网,jhgf,主板,20160712,,
1261,002805.SZ,002805,丰元股份,山东,电气设备,fygf,主板,20160707,,
1262,002806.SZ,002806,华锋股份,广东,汽车配件,hfgf,主板,20160726,,
1263,002807.SZ,002807,江阴银行,江苏,银行,jyyh,主板,20160902,,
1264,002808.SZ,002808,ST恒久,江苏,元器件,sthj,主板,20160812,余荣清,民营企业
1265,002809.SZ,002809,红墙股份,广东,化工原料,hqgf,主板,20160823,,
1266,002810.SZ,002810,山东赫达,山东,化工原料,sdhd,主板,20160826,毕心德,民营企业
1267,002811.SZ,002811,郑中设计,深圳,装修装饰,zzsj,主板,20160908,,
1268,002812.SZ,002812,恩捷股份,云南,电气设备,ejgf,主板,20160914,李晓明,外资企业
1269,002813.SZ,002813,路畅科技,深圳,汽车配件,lckj,主板,20161012,无实际控制人,无
1270,002815.SZ,002815,崇达技术,深圳,元器件,cdjs,主板,20161012,,
1271,002816.SZ,002816,和科达,深圳,专用机械,hkd,主板,20161025,金文明,民营企业
1272,002817.SZ,002817,黄山胶囊,安徽,化学制药,hsjn,主板,20161025,无实际控制人,无
1273,002818.SZ,002818,富森美,四川,其他商业,fsm,主板,20161109,,
1274,002819.SZ,002819,东方中科,北京,电器仪表,dfzk,主板,20161111,,
1275,002820.SZ,002820,桂发祥,天津,食品,gfx,主板,20161118,,
1276,002821.SZ,002821,凯莱英,天津,生物制药,kly,主板,20161118,,
1277,002822.SZ,002822,ST中装,深圳,装修装饰,stzz,主板,20161129,,
1278,002823.SZ,002823,凯中精密,深圳,机械基件,kzjm,主板,20161124,,
1279,002824.SZ,002824,和胜股份,广东,铝,hsgf,主板,20170112,,
1280,002825.SZ,002825,纳尔股份,上海,化工原料,negf,主板,20161129,,
1281,002826.SZ,002826,易明医药,西藏,化学制药,ymyy,主板,20161209,,
1282,002827.SZ,002827,高争民爆,西藏,化工原料,gzmb,主板,20161209,,
1283,002828.SZ,002828,贝肯能源,新疆,石油开采,bkny,主板,20161208,,
1284,002829.SZ,002829,星网宇达,北京,航空,xwyd,主板,20161213,,
1285,002830.SZ,002830,名雕股份,深圳,装修装饰,mdgf,主板,20161213,无实际控制人,无
1286,002831.SZ,002831,裕同科技,深圳,广告包装,ytkj,主板,20161216,,
1287,002832.SZ,002832,比音勒芬,广东,服饰,bylf,主板,20161223,,
1288,002833.SZ,002833,弘亚数控,广东,专用机械,hysk,主板,20161228,,
1289,002835.SZ,002835,同为股份,深圳,IT设备,twgf,主板,20161228,,
1290,002836.SZ,002836,新宏泽,广东,广告包装,xhz,主板,20161229,张宏清,外资企业
1291,002837.SZ,002837,英维克,深圳,专用机械,ywk,主板,20161229,,
1292,002838.SZ,002838,道恩股份,山东,塑料,degf,主板,20170106,,
1293,002839.SZ,002839,张家港行,江苏,银行,zjgh,主板,20170124,无实际控制人,无
1294,002840.SZ,002840,华统股份,浙江,食品,htgf,主板,20170110,,
1295,002841.SZ,002841,视源股份,广东,元器件,sygf,主板,20170119,,
1296,002842.SZ,002842,翔鹭钨业,广东,小金属,xlwy,主板,20170119,陈启丰,民营企业
1297,002843.SZ,002843,泰嘉股份,湖南,钢加工,tjgf,主板,20170120,,
1298,002845.SZ,002845,同兴达,深圳,元器件,txd,主板,20170125,,
1299,002846.SZ,002846,英联股份,广东,广告包装,ylgf,主板,20170207,翁伟武,民营企业
1300,002847.SZ,002847,盐津铺子,湖南,食品,yjpz,主板,20170208,,
1301,002848.SZ,002848,高斯贝尔,湖南,家用电器,gsbe,主板,20170213,山东省潍坊市人民政府国有资产监督管理委员会,地方国企
1302,002849.SZ,002849,威星智能,浙江,电器仪表,wxzn,主板,20170217,,
1303,002850.SZ,002850,科达利,深圳,电气设备,kdl,主板,20170302,,
1304,002851.SZ,002851,麦格米特,深圳,电气设备,mgmt,主板,20170306,童永胜,民营企业
1305,002852.SZ,002852,道道全,湖南,食品,ddq,主板,20170310,,
1306,002853.SZ,002853,皮阿诺,广东,家居用品,pan,主板,20170310,马礼斌,民营企业
1307,002855.SZ,002855,捷荣技术,广东,元器件,jrjs,主板,20170321,赵晓群,外资企业
1308,002856.SZ,002856,美芝股份,深圳,装修装饰,mzgf,主板,20170320,佛山市南海区国有资产监督管理局,地方国企
1309,002857.SZ,002857,三晖电气,河南,电器仪表,shdq,主板,20170323,胡坤,民营企业
1310,002858.SZ,002858,力盛体育,上海,文教休闲,lsty,主板,20170324,,
1311,002859.SZ,002859,洁美科技,浙江,元器件,jmkj,主板,20170407,,
1312,002860.SZ,002860,星帅尔,浙江,家用电器,xse,主板,20170412,,
1313,002861.SZ,002861,瀛通通讯,湖北,元器件,yttx,主板,20170413,黄晖,民营企业
1314,002862.SZ,002862,实丰文化,广东,文教休闲,sfwh,主板,20170411,蔡俊权,民营企业
1315,002863.SZ,002863,今飞凯达,浙江,汽车配件,jfkd,主板,20170418,,
1316,002864.SZ,002864,盘龙药业,陕西,中成药,plyy,主板,20171116,,
1317,002865.SZ,002865,钧达股份,海南,电气设备,jdgf,主板,20170425,,
1318,002866.SZ,002866,传艺科技,江苏,IT设备,cykj,主板,20170426,,
1319,002867.SZ,002867,周大生,深圳,服饰,zds,主板,20170427,,
1320,002868.SZ,002868,绿康生化,福建,农业综合,lksh,主板,20170503,,
1321,002869.SZ,002869,金溢科技,深圳,通信设备,jykj,主板,20170515,罗瑞发,民营企业
1322,002870.SZ,002870,香山股份,广东,汽车配件,xsgf,主板,20170515,,
1323,002871.SZ,002871,伟隆股份,山东,机械基件,wlgf,主板,20170511,,
1324,002872.SZ,002872,ST天圣,重庆,医药商业,stts,主板,20170519,刘群,民营企业
1325,002873.SZ,002873,新天药业,贵州,中成药,xtyy,主板,20170519,,
1326,002875.SZ,002875,安奈儿,深圳,服饰,ane,主板,20170601,曹璋,民营企业
1327,002876.SZ,002876,三利谱,深圳,元器件,slp,主板,20170525,,
1328,002877.SZ,002877,智能自控,江苏,机械基件,znzk,主板,20170605,,
1329,002878.SZ,002878,元隆雅图,北京,广告包装,ylyt,主板,20170606,,
1330,002879.SZ,002879,长缆科技,湖南,电气设备,clkj,主板,20170707,,
1331,002880.SZ,002880,卫光生物,深圳,生物制药,wgsw,主板,20170616,深圳市光明区人民政府,地方国企
1332,002881.SZ,002881,美格智能,深圳,元器件,mgzn,主板,20170622,,
1333,002882.SZ,002882,金龙羽,深圳,电气设备,jly,主板,20170717,,
1334,002883.SZ,002883,中设股份,江苏,建筑工程,zsgf,主板,20170620,陈凤军,民营企业
1335,002884.SZ,002884,凌霄泵业,广东,机械基件,lxby,主板,20170711,,
1336,002885.SZ,002885,京泉华,深圳,元器件,jqh,主板,20170627,张立品,民营企业
1337,002886.SZ,002886,沃特股份,深圳,塑料,wtgf,主板,20170627,,
1338,002887.SZ,002887,绿茵生态,天津,环境保护,lyst,主板,20170801,卢云慧,民营企业
1339,002888.SZ,002888,惠威科技,广东,元器件,hwkj,主板,20170721,HONGBO YAO,外资企业
1340,002889.SZ,002889,东方嘉盛,深圳,仓储物流,dfjs,主板,20170731,,
1341,002890.SZ,002890,弘宇股份,山东,农用机械,hygf,主板,20170802,辛军,民营企业
1342,002891.SZ,002891,中宠股份,山东,饲料,zcgf,主板,20170821,,
1343,002892.SZ,002892,科力尔,湖南,电气设备,kle,主板,20170817,聂鹏举,民营企业
1344,002893.SZ,002893,京能热力,北京,供气供热,jnrl,主板,20170915,北京市人民政府国有资产监督管理委员会,地方国企
1345,002895.SZ,002895,川恒股份,贵州,化工原料,chgf,主板,20170825,,
1346,002896.SZ,002896,中大力德,浙江,机械基件,zdld,主板,20170829,,
1347,002897.SZ,002897,意华股份,浙江,元器件,yhgf,主板,20170907,无实际控制人,无
1348,002898.SZ,002898,赛隆药业,广东,化学制药,slyy,主板,20170912,蔡南桂,民营企业
1349,002899.SZ,002899,英派斯,山东,文教休闲,yps,主板,20170915,,
1350,002900.SZ,002900,哈三联,黑龙江,化学制药,hsl,主板,20170922,,
1351,002901.SZ,002901,大博医疗,福建,医疗保健,dbyl,主板,20170922,,
1352,002902.SZ,002902,铭普光磁,广东,通信设备,mpgc,主板,20170929,,
1353,002903.SZ,002903,宇环数控,湖南,机床制造,yhsk,主板,20171013,,
1354,002905.SZ,002905,金逸影视,广东,影视音像,jyys,主板,20171016,,
1355,002906.SZ,002906,华阳集团,广东,汽车配件,hyjt,主板,20171013,,
1356,002907.SZ,002907,华森制药,重庆,中成药,hszy,主板,20171020,游洪涛,民营企业
1357,002908.SZ,002908,德生科技,广东,软件服务,dskj,主板,20171020,,
1358,002909.SZ,002909,集泰股份,广东,化工原料,jtgf,主板,20171026,,
1359,002910.SZ,002910,庄园牧场,甘肃,乳制品,zymc,主板,20171031,甘肃省人民政府国有资产监督管理委员会,地方国企
1360,002911.SZ,002911,佛燃能源,广东,供气供热,frny,主板,20171122,佛山市人民政府国有资产监督管理委员会,地方国企
1361,002912.SZ,002912,中新赛克,深圳,IT设备,zxsk,主板,20171121,深圳市人民政府国有资产监督管理委员会,地方国企
1362,002913.SZ,002913,奥士康,湖南,元器件,ask,主板,20171201,,
1363,002915.SZ,002915,中欣氟材,浙江,化工原料,zxfc,主板,20171205,,
1364,002916.SZ,002916,深南电路,深圳,元器件,sndl,主板,20171213,,
1365,002917.SZ,002917,金奥博,深圳,化工原料,jab,主板,20171208,,
1366,002918.SZ,002918,蒙娜丽莎,广东,陶瓷,mnls,主板,20171219,,
1367,002919.SZ,002919,名臣健康,广东,互联网,mcjk,主板,20171218,,
1368,002920.SZ,002920,德赛西威,广东,汽车配件,dsxw,主板,20171226,,
1369,002921.SZ,002921,联诚精密,山东,汽车配件,lcjm,主板,20171227,郭元强,外资企业
1370,002922.SZ,002922,伊戈尔,广东,电气设备,yge,主板,20171229,,
1371,002923.SZ,002923,润都股份,广东,化学制药,rdgf,主板,20180105,李希,民营企业
1372,002925.SZ,002925,盈趣科技,福建,元器件,yqkj,主板,20180115,吴凯庭,外资企业
1373,002926.SZ,002926,华西证券,四川,证券,hxzq,主板,20180205,泸州市国有资产监督管理委员会,地方国企
1374,002927.SZ,002927,泰永长征,贵州,电气设备,tycz,主板,20180223,,
1375,002928.SZ,002928,华夏航空,贵州,空运,hxhk,主板,20180302,胡晓军,民营企业
1376,002929.SZ,002929,润建股份,广西,通信设备,rjgf,主板,20180301,,
1377,002930.SZ,002930,宏川智慧,广东,仓储物流,hczh,主板,20180328,,
1378,002931.SZ,002931,锋龙股份,浙江,机械基件,flgf,主板,20180403,,
1379,002932.SZ,002932,明德生物,湖北,医疗保健,mdsw,主板,20180710,陈莉莉,民营企业
1380,002933.SZ,002933,新兴装备,北京,航空,xxzb,主板,20180828,陕西省人民政府国有资产监督管理委员会,地方国企
1381,002935.SZ,002935,天奥电子,四川,航空,tadz,主板,20180903,,
1382,002936.SZ,002936,郑州银行,河南,银行,zzyh,主板,20180919,,
1383,002937.SZ,002937,兴瑞科技,浙江,元器件,xrkj,主板,20180926,,
1384,002938.SZ,002938,鹏鼎控股,深圳,元器件,pdkg,主板,20180918,,
1385,002939.SZ,002939,长城证券,深圳,证券,cczq,主板,20181026,中国华能集团有限公司,中央国企
1386,002940.SZ,002940,昂利康,浙江,化学制药,alk,主板,20181023,,
1387,002941.SZ,002941,新疆交建,新疆,建筑工程,xjjj,主板,20181128,新疆维吾尔自治区人民政府国有资产监督管理委员会,地方国企
1388,002942.SZ,002942,新农股份,浙江,农药化肥,xngf,主板,20181205,,
1389,002943.SZ,002943,宇晶股份,湖南,机床制造,yjgf,主板,20181129,杨宇红,民营企业
1390,002945.SZ,002945,华林证券,西藏,证券,hlzq,主板,20190117,,
1391,002946.SZ,002946,新乳业,四川,乳制品,xry,主板,20190125,Liu Chang,外资企业
1392,002947.SZ,002947,恒铭达,江苏,元器件,hmd,主板,20190201,,
1393,002948.SZ,002948,青岛银行,山东,银行,qdyh,主板,20190116,,
1394,002949.SZ,002949,华阳国际,深圳,建筑工程,hygj,主板,20190226,,
1395,002950.SZ,002950,奥美医疗,湖北,医疗保健,amyl,主板,20190311,崔金海,外资企业
1396,002951.SZ,002951,*ST金时,四川,广告包装,stjs,主板,20190315,,
1397,002952.SZ,002952,亚世光电,辽宁,元器件,ysgd,主板,20190328,,
1398,002953.SZ,002953,日丰股份,广东,电气设备,rfgf,主板,20190509,冯就景,民营企业
1399,002955.SZ,002955,鸿合科技,深圳,IT设备,hhkj,主板,20190523,邢修青,外资企业
1400,002956.SZ,002956,西麦食品,广西,食品,xmsp,主板,20190619,谢庆奎,民营企业
1401,002957.SZ,002957,科瑞技术,深圳,专用机械,krjs,主板,20190726,潘利明,外资企业
1402,002958.SZ,002958,青农商行,山东,银行,qnsh,主板,20190326,,
1403,002959.SZ,002959,小熊电器,广东,家用电器,xxdq,主板,20190823,,
1404,002960.SZ,002960,青鸟消防,河北,专用机械,qnxf,主板,20190809,,
1405,002961.SZ,002961,瑞达期货,福建,多元金融,rdqh,主板,20190905,,
1406,002962.SZ,002962,五方光电,湖北,元器件,wfgd,主板,20190917,,
1407,002963.SZ,002963,豪尔赛,北京,装修装饰,hes,主板,20191028,,
1408,002965.SZ,002965,祥鑫科技,广东,汽车配件,xxkj,主板,20191025,,
1409,002966.SZ,002966,苏州银行,江苏,银行,szyh,主板,20190802,,
1410,002967.SZ,002967,广电计量,广东,电器仪表,gdjl,主板,20191108,,
1411,002968.SZ,002968,新大正,重庆,房产服务,xdz,主板,20191203,王宣,民营企业
1412,002969.SZ,002969,嘉美包装,安徽,广告包装,jmbz,主板,20191202,陈民,外资企业
1413,002970.SZ,002970,锐明技术,深圳,IT设备,rmjs,主板,20191217,无实际控制人,无
1414,002971.SZ,002971,和远气体,湖北,化工原料,hyqt,主板,20200113,杨涛,民营企业
1415,002972.SZ,002972,科安达,深圳,运输设备,kad,主板,20191227,郭丰明,民营企业
1416,002973.SZ,002973,侨银股份,广东,环境保护,qygf,主板,20200106,郭倍华,民营企业
1417,002975.SZ,002975,博杰股份,广东,专用机械,bjgf,主板,20200205,王兆春,民营企业
1418,002976.SZ,002976,瑞玛精密,江苏,汽车配件,rmjm,主板,20200306,陈晓敏,民营企业
1419,002977.SZ,002977,天箭科技,四川,通信设备,tjkj,主板,20200317,,
1420,002978.SZ,002978,安宁股份,四川,小金属,angf,主板,20200417,,
1421,002979.SZ,002979,雷赛智能,深圳,专用机械,lszn,主板,20200408,,
1422,002980.SZ,002980,华盛昌,深圳,电器仪表,hsc,主板,20200415,袁剑敏,民营企业
1423,002981.SZ,002981,朝阳科技,广东,元器件,zykj,主板,20200417,沈庆凯,民营企业
1424,002982.SZ,002982,湘佳股份,湖南,农业综合,xjgf,主板,20200424,,
1425,002983.SZ,002983,芯瑞达,安徽,元器件,xrd,主板,20200428,,
1426,002984.SZ,002984,森麒麟,山东,汽车配件,sql,主板,20200911,秦龙,民营企业
1427,002985.SZ,002985,北摩高科,北京,航空,bmgk,主板,20200429,王淑敏,民营企业
1428,002986.SZ,002986,宇新股份,广东,化工原料,yxgf,主板,20200602,胡先念,民营企业
1429,002987.SZ,002987,京北方,北京,软件服务,jbf,主板,20200507,费振勇,民营企业
1430,002988.SZ,002988,豪美新材,广东,铝,hmxc,主板,20200518,董卫峰,民营企业
1431,002989.SZ,002989,中天精装,深圳,装修装饰,ztjz,主板,20200610,,
1432,002990.SZ,002990,盛视科技,深圳,软件服务,sskj,主板,20200525,瞿磊,民营企业
1433,002991.SZ,002991,甘源食品,江西,食品,gysp,主板,20200731,严斌生,民营企业
1434,002992.SZ,002992,宝明科技,深圳,元器件,bmkj,主板,20200803,李军,民营企业
1435,002993.SZ,002993,奥海科技,广东,元器件,ahkj,主板,20200817,刘昊,民营企业
1436,002995.SZ,002995,天地在线,北京,互联网,tdzx,主板,20200805,信意安,民营企业
1437,002996.SZ,002996,顺博合金,重庆,铝,sbhj,主板,20200828,王真见,民营企业
1438,002997.SZ,002997,瑞鹄模具,安徽,专用机械,rhmj,主板,20200903,,
1439,002998.SZ,002998,优彩资源,江苏,化纤,yczy,主板,20200925,,
1440,002999.SZ,002999,天禾股份,广东,批发业,thgf,主板,20200903,广东省供销合作联社,集体企业
1441,003000.SZ,003000,劲仔食品,湖南,食品,jzsp,主板,20200914,周劲松,民营企业
1442,003001.SZ,003001,中岩大地,北京,建筑工程,zydd,主板,20201013,王立建,民营企业
1443,003002.SZ,003002,壶化股份,山西,化工原料,hhgf,主板,20200922,秦跃中,民营企业
1444,003003.SZ,003003,天元股份,广东,广告包装,tygf,主板,20200921,,
1445,003004.SZ,003004,声迅股份,北京,IT设备,sxgf,主板,20201126,谭政,民营企业
1446,003005.SZ,003005,竞业达,北京,软件服务,jyd,主板,20200922,钱瑞,民营企业
1447,003006.SZ,003006,百亚股份,重庆,造纸,bygf,主板,20200921,冯永林,民营企业
1448,003007.SZ,003007,直真科技,北京,软件服务,zzkj,主板,20200923,袁隽,民营企业
1449,003008.SZ,003008,开普检测,河南,电气设备,kpjc,主板,20200923,无实际控制人,无
1450,003009.SZ,003009,中天火箭,陕西,航空,zthj,主板,20200925,中国航天科技集团有限公司,中央国企
1451,003010.SZ,003010,若羽臣,广东,互联网,ryc,主板,20200925,王玉,民营企业
1452,003011.SZ,003011,海象新材,浙江,家居用品,hxxc,主板,20200930,王周林,民营企业
1453,003012.SZ,003012,东鹏控股,广东,陶瓷,dpkg,主板,20201019,,
1454,003013.SZ,003013,地铁设计,广东,建筑工程,dtsj,主板,20201022,广东省广州市人民政府国有资产监督管理委员会,地方国企
1455,003015.SZ,003015,日久光电,江苏,元器件,rjgd,主板,20201021,无实际控制人,无
1456,003016.SZ,003016,欣贺股份,福建,服饰,xhgf,主板,20201026,孙瑞鸿,外资企业
1457,003017.SZ,003017,大洋生物,浙江,化工原料,dysw,主板,20201026,陈阳贵,民营企业
1458,003018.SZ,003018,金富科技,广东,塑料,jfkj,主板,20201106,陈姗姗,民营企业
1459,003019.SZ,003019,宸展光电,福建,元器件,czgd,主板,20201117,CHIANG MICHAEL CHAO-JUEI,外资企业
1460,003020.SZ,003020,立方制药,安徽,化学制药,lfzy,主板,20201215,季俊虬,民营企业
1461,003021.SZ,003021,兆威机电,深圳,元器件,zwjd,主板,20201204,国务院国有资产监督管理委员会,中央国企
1462,003022.SZ,003022,联泓新科,山东,化工原料,lhxk,主板,20201208,无实际控制人,无
1463,003023.SZ,003023,彩虹集团,四川,家用电器,chjt,主板,20201211,刘荣富,民营企业
1464,003025.SZ,003025,思进智能,浙江,机床制造,sjzn,主板,20201211,李忠明,民营企业
1465,003026.SZ,003026,中晶科技,浙江,半导体,zjkj,主板,20201218,徐一俊,民营企业
1466,003027.SZ,003027,同兴环保,安徽,环境保护,txhb,主板,20201218,郑光明,民营企业
1467,003028.SZ,003028,振邦智能,深圳,元器件,zbzn,主板,20201228,陈志杰,民营企业
1468,003029.SZ,003029,吉大正元,吉林,软件服务,jdzy,主板,20201224,于逢良,民营企业
1469,003030.SZ,003030,祖名股份,浙江,食品,zmgf,主板,20210106,中华人民共和国财政部,中央国企
1470,003031.SZ,003031,中瓷电子,河北,元器件,zcdz,主板,20210104,国务院国有资产监督管理委员会,中央国企
1471,003032.SZ,003032,传智教育,江苏,文教休闲,czjy,主板,20210112,,
1472,003033.SZ,003033,征和工业,山东,汽车配件,zhgy,主板,20210111,金玉谟,民营企业
1473,003035.SZ,003035,南网能源,广东,新型电力,nwny,主板,20210119,国务院国有资产监督管理委员会,中央国企
1474,003036.SZ,003036,泰坦股份,浙江,纺织机械,ttgf,主板,20210128,陈其新,民营企业
1475,003037.SZ,003037,三和管桩,广东,水泥,shgz,主板,20210204,韦泽林,民营企业
1476,003038.SZ,003038,鑫铂股份,安徽,铝,xbgf,主板,20210210,唐开健,民营企业
1477,003039.SZ,003039,顺控发展,广东,水务,skfz,主板,20210308,四川省政府国有资产监督管理委员会,地方国企
1478,003040.SZ,003040,楚天龙,广东,通信设备,ctl,主板,20210322,苏晨,民营企业
1479,003041.SZ,003041,真爱美家,浙江,纺织,zamj,主板,20210406,郑期中,民营企业
1480,003042.SZ,003042,中农联合,山东,农药化肥,znlh,主板,20210406,中国供销集团有限公司,中央国企
1481,003043.SZ,003043,华亚智能,江苏,半导体,hyzn,主板,20210406,王彩男,民营企业
1482,003816.SZ,003816,中国广核,深圳,新型电力,zggh,主板,20190826,,
1483,300001.SZ,300001,特锐德,山东,电气设备,trd,创业板,20091030,,
1484,300002.SZ,300002,神州泰岳,北京,互联网,szty,创业板,20091030,无实际控制人,无
1485,300003.SZ,300003,乐普医疗,北京,医疗保健,lpyl,创业板,20091030,,
1486,300004.SZ,300004,南风股份,广东,电气设备,nfgf,创业板,20091030,佛山市南海区国有资产监督管理局,地方国企
1487,300005.SZ,300005,探路者,北京,服饰,tlz,创业板,20091030,李明,民营企业
1488,300006.SZ,300006,莱美药业,重庆,化学制药,lmyy,创业板,20091030,广西壮族自治区人民政府国有资产监督管理委员会,地方国企
1489,300007.SZ,300007,汉威科技,河南,电器仪表,hwkj,创业板,20091030,,
1490,300008.SZ,300008,天海防务,上海,船舶,thfw,创业板,20091030,何旭东,民营企业
1491,300009.SZ,300009,安科生物,安徽,生物制药,aksw,创业板,20091030,,
1492,300010.SZ,300010,豆神教育,北京,软件服务,dsjy,创业板,20091030,无实际控制人,无
1493,300011.SZ,300011,鼎汉技术,北京,运输设备,dhjs,创业板,20091030,广州市人民政府,地方国企
1494,300012.SZ,300012,华测检测,深圳,电器仪表,hcjc,创业板,20091030,,
1495,300013.SZ,300013,*ST新宁,河南,仓储物流,stxn,创业板,20091030,无实际控制人,无
1496,300014.SZ,300014,亿纬锂能,广东,电气设备,ywln,创业板,20091030,,
1497,300015.SZ,300015,爱尔眼科,湖南,医疗保健,aeyk,创业板,20091030,,
1498,300016.SZ,300016,北陆药业,北京,化学制药,blyy,创业板,20091030,,
1499,300017.SZ,300017,网宿科技,上海,软件服务,wskj,创业板,20091030,,
1500,300018.SZ,300018,中元股份,湖北,电气设备,zygf,创业板,20091030,邓志刚,民营企业
1501,300019.SZ,300019,硅宝科技,四川,化工原料,gbkj,创业板,20091030,,
1502,300020.SZ,300020,*ST银江,浙江,软件服务,styj,创业板,20091030,,
1503,300021.SZ,300021,大禹节水,甘肃,建筑工程,dyjs,创业板,20091030,,
1504,300022.SZ,300022,吉峰科技,四川,农用机械,jfkj,创业板,20091030,汪辉武,民营企业
1505,300024.SZ,300024,机器人,辽宁,专用机械,jqr,创业板,20091030,,
1506,300025.SZ,300025,华星创业,浙江,通信设备,hxcy,创业板,20091030,朱东成,民营企业
1507,300026.SZ,300026,红日药业,天津,中成药,hryy,创业板,20091030,成都市国有资产监督管理委员会,地方国企
1508,300027.SZ,300027,华谊兄弟,浙江,影视音像,hyxd,创业板,20091030,,
1509,300029.SZ,300029,ST天龙,江苏,建筑工程,sttl,创业板,20091225,无实际控制人,无
1510,300030.SZ,300030,阳普医疗,广东,医疗保健,ypyl,创业板,20091225,珠海市人民政府国有资产监督管理委员会,地方国企
1511,300031.SZ,300031,宝通科技,江苏,互联网,btkj,创业板,20091225,,
1512,300032.SZ,300032,金龙机电,浙江,元器件,jljd,创业板,20091225,,
1513,300033.SZ,300033,同花顺,浙江,软件服务,ths,创业板,20091225,,
1514,300034.SZ,300034,钢研高纳,北京,航空,gygn,创业板,20091225,,
1515,300035.SZ,300035,中科电气,湖南,电气设备,zkdq,创业板,20091225,余新,民营企业
1516,300036.SZ,300036,超图软件,北京,软件服务,ctrj,创业板,20091225,,
1517,300037.SZ,300037,新宙邦,深圳,化工原料,xzb,创业板,20100108,,
1518,300039.SZ,300039,上海凯宝,上海,中成药,shkb,创业板,20100108,穆竟伟,民营企业
1519,300040.SZ,300040,九洲集团,黑龙江,新型电力,jzjt,创业板,20100108,,
1520,300041.SZ,300041,回天新材,湖北,化工原料,htxc,创业板,20100108,章锋,民营企业
1521,300042.SZ,300042,朗科科技,深圳,IT设备,lkkj,创业板,20100108,邓国顺,民营企业
1522,300043.SZ,300043,星辉娱乐,广东,互联网,xhyl,创业板,20100120,,
1523,300044.SZ,300044,赛为智能,深圳,软件服务,swzn,创业板,20100120,周勇,民营企业
1524,300045.SZ,300045,华力创通,北京,IT设备,hlct,创业板,20100120,,
1525,300046.SZ,300046,台基股份,湖北,半导体,tjgf,创业板,20100120,,
1526,300047.SZ,300047,天源迪科,深圳,软件服务,tydk,创业板,20100120,,
1527,300048.SZ,300048,合康新能,北京,电气设备,hkxn,创业板,20100120,何享健,民营企业
1528,300049.SZ,300049,福瑞股份,内蒙,医疗保健,frgf,创业板,20100120,,
1529,300050.SZ,300050,世纪鼎利,广东,通信设备,sjdl,创业板,20100120,汪辉武,民营企业
1530,300051.SZ,300051,琏升科技,江苏,综合类,lskj,创业板,20100211,无实际控制人,无
1531,300052.SZ,300052,中青宝,深圳,互联网,zqb,创业板,20100211,,
1532,300053.SZ,300053,航宇微,广东,半导体,hyw,创业板,20100211,珠海市人民政府国有资产监督管理委员会,地方国企
1533,300054.SZ,300054,鼎龙股份,湖北,化工原料,dlgf,创业板,20100211,,
1534,300055.SZ,300055,万邦达,北京,石油加工,wbd,创业板,20100226,,
1535,300056.SZ,300056,中创环保,福建,环境保护,zchb,创业板,20100226,王光辉,民营企业
1536,300057.SZ,300057,万顺新材,广东,铝,wsxc,创业板,20100226,,
1537,300058.SZ,300058,蓝色光标,北京,广告包装,lsgb,创业板,20100226,,
1538,300059.SZ,300059,东方财富,上海,证券,dfcf,创业板,20100319,,
1539,300061.SZ,300061,旗天科技,上海,互联网,qtkj,创业板,20100319,刘涛,民营企业
1540,300062.SZ,300062,中能电气,福建,电气设备,zndq,创业板,20100319,陈添旭,民营企业
1541,300063.SZ,300063,天龙集团,广东,互联网,tljt,创业板,20100326,,
1542,300065.SZ,300065,海兰信,北京,船舶,hlx,创业板,20100326,,
1543,300066.SZ,300066,三川智慧,江西,电器仪表,sczh,创业板,20100326,,
1544,300067.SZ,300067,安诺其,上海,染料涂料,anq,创业板,20100421,,
1545,300068.SZ,300068,南都电源,浙江,电气设备,nddy,创业板,20100421,周庆治,外资企业
1546,300069.SZ,300069,金利华电,山西,电气设备,jlhd,创业板,20100421,韩泽帅,民营企业
1547,300070.SZ,300070,碧水源,北京,环境保护,bsy,创业板,20100421,国务院国有资产监督管理委员会,中央国企
1548,300071.SZ,300071,福石控股,北京,广告包装,fskg,创业板,20100421,陈永亮,民营企业
1549,300072.SZ,300072,海新能科,北京,化工原料,hxnk,创业板,20100427,,
1550,300073.SZ,300073,当升科技,北京,电气设备,dskj,创业板,20100427,,
1551,300074.SZ,300074,华平股份,上海,软件服务,hpgf,创业板,20100427,叶顺彭,民营企业
1552,300075.SZ,300075,数字政通,北京,软件服务,szzt,创业板,20100427,,
1553,300076.SZ,300076,GQY视讯,浙江,IT设备,gqysx,创业板,20100430,开封市人民政府,地方国企
1554,300077.SZ,300077,国民技术,深圳,半导体,gmjs,创业板,20100430,,
1555,300078.SZ,300078,思创医惠,浙江,软件服务,scyh,创业板,20100430,无实际控制人,无
1556,300079.SZ,300079,数码视讯,北京,通信设备,smsx,创业板,20100430,,
1557,300080.SZ,300080,易成新能,河南,电气设备,ycxn,创业板,20100625,,
1558,300081.SZ,300081,恒信东方,北京,文教休闲,hxdf,创业板,20100520,,
1559,300082.SZ,300082,奥克股份,辽宁,化工原料,akgf,创业板,20100520,,
1560,300083.SZ,300083,创世纪,广东,机床制造,csj,创业板,20100520,王九全,外资企业
1561,300084.SZ,300084,海默科技,甘肃,专用机械,hmkj,创业板,20100520,,
1562,300085.SZ,300085,银之杰,深圳,软件服务,yzj,创业板,20100526,,
1563,300086.SZ,300086,康芝药业,海南,化学制药,kzyy,创业板,20100526,,
1564,300087.SZ,300087,荃银高科,安徽,种植业,qygk,创业板,20100526,国务院国有资产监督管理委员会,中央国企
1565,300088.SZ,300088,长信科技,安徽,元器件,cxkj,创业板,20100526,,
1566,300091.SZ,300091,金通灵,江苏,机械基件,jtl,创业板,20100625,江苏省南通市人民政府国有资产监督管理委员会,地方国企
1567,300092.SZ,300092,科新机电,四川,专用机械,kxjd,创业板,20100708,,
1568,300093.SZ,300093,金刚光伏,甘肃,电气设备,jggf,创业板,20100708,罗伟广,民营企业
1569,300094.SZ,300094,国联水产,广东,渔业,glsc,创业板,20100708,,
1570,300095.SZ,300095,华伍股份,江西,专用机械,hwgf,创业板,20100728,,
1571,300096.SZ,300096,ST易联众,福建,软件服务,stylz,创业板,20100728,,
1572,300097.SZ,300097,智云股份,辽宁,专用机械,zygf,创业板,20100728,无实际控制人,无
1573,300098.SZ,300098,高新兴,广东,软件服务,gxx,创业板,20100728,,
1574,300099.SZ,300099,尤洛卡,山东,电器仪表,ylk,创业板,20100806,王晶华,民营企业
1575,300100.SZ,300100,双林股份,浙江,汽车配件,slgf,创业板,20100806,,
1576,300101.SZ,300101,振芯科技,四川,通信设备,zxkj,创业板,20100806,无实际控制人,无
1577,300102.SZ,300102,乾照光电,福建,半导体,qzgd,创业板,20100812,无实际控制人,无
1578,300103.SZ,300103,达刚控股,陕西,专用机械,dgkg,创业板,20100812,,
1579,300105.SZ,300105,龙源技术,山东,电器仪表,lyjs,创业板,20100820,,
1580,300106.SZ,300106,西部牧业,新疆,乳制品,xbmy,创业板,20100820,新疆生产建设兵团第八师国有资产监督管理委员会(石河子市国有资产监督管理委员会),地方国企
1581,300107.SZ,300107,建新股份,河北,化工原料,jxgf,创业板,20100820,,
1582,300108.SZ,300108,*ST吉药,吉林,中成药,stjy,创业板,20100825,刘舒,民营企业
1583,300109.SZ,300109,新开源,河南,化工原料,xky,创业板,20100825,王坚强,民营企业
1584,300110.SZ,300110,华仁药业,山东,化学制药,hryy,创业板,20100825,西安曲江新区管理委员会,地方国企
1585,300111.SZ,300111,向日葵,浙江,化学制药,xrk,创业板,20100827,,
1586,300112.SZ,300112,万讯自控,深圳,电器仪表,wxzk,创业板,20100827,,
1587,300113.SZ,300113,顺网科技,浙江,互联网,swkj,创业板,20100827,,
1588,300114.SZ,300114,中航电测,陕西,电器仪表,zhdc,创业板,20100827,,
1589,300115.SZ,300115,长盈精密,深圳,元器件,cyjm,创业板,20100902,,
1590,300117.SZ,300117,*ST嘉寓,北京,电气设备,stjy,创业板,20100902,,
1591,300118.SZ,300118,东方日升,浙江,电气设备,dfrs,创业板,20100902,,
1592,300119.SZ,300119,瑞普生物,天津,农业综合,rpsw,创业板,20100917,,
1593,300120.SZ,300120,经纬辉开,天津,元器件,jwhk,创业板,20100917,无实际控制人,无
1594,300121.SZ,300121,阳谷华泰,山东,化工原料,yght,创业板,20100917,王文博,民营企业
1595,300122.SZ,300122,智飞生物,重庆,生物制药,zfsw,创业板,20100928,,
1596,300123.SZ,300123,亚光科技,湖南,半导体,ygkj,创业板,20100928,,
1597,300124.SZ,300124,汇川技术,深圳,电器仪表,hcjs,创业板,20100928,,
1598,300125.SZ,300125,ST聆达,辽宁,电气设备,stld,创业板,20101013,王正育,外资企业
1599,300126.SZ,300126,锐奇股份,上海,轻工机械,rqgf,创业板,20101013,,
1600,300127.SZ,300127,银河磁体,四川,矿物制品,yhct,创业板,20101013,,
1601,300128.SZ,300128,锦富技术,江苏,元器件,jfjs,创业板,20101013,泰兴市城东高新技术产业园区管理办公室,地方国企
1602,300129.SZ,300129,泰胜风能,上海,电气设备,tsfn,创业板,20101019,广州经济技术开发区管理委员会,地方国企
1603,300130.SZ,300130,新国都,深圳,IT设备,xgd,创业板,20101019,,
1604,300131.SZ,300131,英唐智控,深圳,元器件,ytzk,创业板,20101019,,
1605,300132.SZ,300132,青松股份,福建,化工原料,qsgf,创业板,20101026,无实际控制人,无
1606,300133.SZ,300133,华策影视,浙江,影视音像,hcys,创业板,20101026,傅梅城,民营企业
1607,300134.SZ,300134,大富科技,安徽,通信设备,dfkj,创业板,20101026,,
1608,300135.SZ,300135,宝利国际,江苏,石油加工,blgj,创业板,20101026,,
1609,300136.SZ,300136,信维通信,深圳,元器件,xwtx,创业板,20101105,,
1610,300137.SZ,300137,先河环保,河北,环境保护,xhhb,创业板,20101105,张菊军,民营企业
1611,300138.SZ,300138,晨光生物,河北,食品,cgsw,创业板,20101105,卢庆国,民营企业
1612,300139.SZ,300139,晓程科技,北京,黄金,xckj,创业板,20101112,,
1613,300140.SZ,300140,节能环境,陕西,环境保护,jnhj,创业板,20101112,,
1614,300141.SZ,300141,和顺电气,江苏,电气设备,hsdq,创业板,20101112,无实际控制人,无
1615,300142.SZ,300142,沃森生物,云南,生物制药,wssw,创业板,20101112,,
1616,300143.SZ,300143,盈康生命,山东,医疗保健,yksm,创业板,20101209,,
1617,300144.SZ,300144,宋城演艺,浙江,旅游景点,scyy,创业板,20101209,,
1618,300145.SZ,300145,中金环境,浙江,机械基件,zjhj,创业板,20101209,无锡市人民政府国有资产监督管理委员会,地方国企
1619,300146.SZ,300146,汤臣倍健,广东,食品,tcbj,创业板,20101215,,
1620,300147.SZ,300147,香雪制药,广东,中成药,xxzy,创业板,20101215,,
1621,300148.SZ,300148,天舟文化,湖南,出版业,tzwh,创业板,20101215,,
1622,300149.SZ,300149,睿智医药,广东,生物制药,rzyy,创业板,20101222,曾宪经,民营企业
1623,300150.SZ,300150,世纪瑞尔,北京,软件服务,sjre,创业板,20101222,,
1624,300151.SZ,300151,昌红科技,深圳,专用机械,chkj,创业板,20101222,李焕昌,民营企业
1625,300152.SZ,300152,新动力,河北,环境保护,xdl,创业板,20101229,,
1626,300153.SZ,300153,科泰电源,上海,电气设备,ktdy,创业板,20101229,谢松峰,外资企业
1627,300154.SZ,300154,瑞凌股份,深圳,机械基件,rlgf,创业板,20101229,,
1628,300155.SZ,300155,安居宝,广东,IT设备,ajb,创业板,20110107,,
1629,300157.SZ,300157,新锦动力,北京,专用机械,xjdl,创业板,20110107,刘亚玲,民营企业
1630,300158.SZ,300158,振东制药,山西,化学制药,zdzy,创业板,20110107,,
1631,300159.SZ,300159,新研股份,新疆,农用机械,xygf,创业板,20110107,,
1632,300160.SZ,300160,秀强股份,江苏,家用电器,xqgf,创业板,20110113,珠海市人民政府国有资产监督管理委员会,地方国企
1633,300161.SZ,300161,华中数控,湖北,机床制造,hzsk,创业板,20110113,阎志,民营企业
1634,300162.SZ,300162,雷曼光电,深圳,元器件,lmgd,创业板,20110113,,
1635,300163.SZ,300163,ST先锋,浙江,家居用品,stxf,创业板,20110113,,
1636,300164.SZ,300164,通源石油,陕西,石油开采,tysy,创业板,20110113,张国桉,民营企业
1637,300165.SZ,300165,天瑞仪器,江苏,电器仪表,tryq,创业板,20110125,,
1638,300166.SZ,300166,东方国信,北京,软件服务,dfgx,创业板,20110125,,
1639,300167.SZ,300167,*ST迪威,深圳,软件服务,stdw,创业板,20110125,无实际控制人,无
1640,300168.SZ,300168,万达信息,上海,软件服务,wdxx,创业板,20110125,无实际控制人,无
1641,300169.SZ,300169,天晟新材,江苏,塑料,tsxc,创业板,20110125,无实际控制人,无
1642,300170.SZ,300170,汉得信息,上海,软件服务,hdxx,创业板,20110201,,
1643,300171.SZ,300171,东富龙,上海,医疗保健,dfl,创业板,20110201,郑效东,民营企业
1644,300172.SZ,300172,中电环保,江苏,环境保护,zdhb,创业板,20110201,,
1645,300173.SZ,300173,福能东方,广东,轻工机械,fndf,创业板,20110201,佛山市人民政府国有资产监督管理委员会,地方国企
1646,300174.SZ,300174,元力股份,福建,化工原料,ylgf,创业板,20110201,,
1647,300175.SZ,300175,朗源股份,山东,食品,lygf,创业板,20110215,王贵美,民营企业
1648,300176.SZ,300176,派生科技,广东,汽车配件,pskj,创业板,20110215,,
1649,300177.SZ,300177,中海达,广东,通信设备,zhd,创业板,20110215,廖定海,民营企业
1650,300179.SZ,300179,四方达,河南,矿物制品,sfd,创业板,20110215,,
1651,300180.SZ,300180,华峰超纤,上海,化纤,hfcx,创业板,20110222,尤小平,民营企业
1652,300181.SZ,300181,佐力药业,浙江,中成药,zlyy,创业板,20110222,,
1653,300182.SZ,300182,捷成股份,北京,影视音像,jcgf,创业板,20110222,周楠,民营企业
1654,300183.SZ,300183,东软载波,山东,通信设备,drzb,创业板,20110222,无实际控制人,无
1655,300184.SZ,300184,力源信息,湖北,元器件,lyxx,创业板,20110222,赵马克,外资企业
1656,300185.SZ,300185,通裕重工,山东,工程机械,tyzg,创业板,20110308,珠海市人民政府国有资产监督管理委员会,地方国企
1657,300187.SZ,300187,永清环保,湖南,环境保护,yqhb,创业板,20110308,,
1658,300188.SZ,300188,国投智能,福建,软件服务,gtzn,创业板,20110316,国务院国有资产监督管理委员会,中央国企
1659,300189.SZ,300189,神农种业,海南,种植业,snzy,创业板,20110316,,
1660,300190.SZ,300190,维尔利,江苏,环境保护,wel,创业板,20110316,,
1661,300191.SZ,300191,潜能恒信,北京,石油开采,qnhx,创业板,20110316,,
1662,300192.SZ,300192,科德教育,江苏,文教休闲,kdjy,创业板,20110322,吴贤良,民营企业
1663,300193.SZ,300193,佳士科技,深圳,专用机械,jskj,创业板,20110322,潘磊,民营企业
1664,300194.SZ,300194,福安药业,重庆,化学制药,fayy,创业板,20110322,,
1665,300195.SZ,300195,长荣股份,天津,轻工机械,crgf,创业板,20110329,,
1666,300196.SZ,300196,长海股份,江苏,玻璃,chgf,创业板,20110329,,
1667,300197.SZ,300197,节能铁汉,深圳,环境保护,jnth,创业板,20110329,国务院国有资产监督管理委员会,中央国企
1668,300198.SZ,300198,纳川股份,福建,塑料,ncgf,创业板,20110407,无实际控制人,无
1669,300199.SZ,300199,翰宇药业,深圳,化学制药,hyyy,创业板,20110407,曾少贵,民营企业
1670,300200.SZ,300200,高盟新材,北京,化工原料,gmxc,创业板,20110407,,
1671,300201.SZ,300201,海伦哲,江苏,工程机械,hlz,创业板,20110407,金诗玮,民营企业
1672,300203.SZ,300203,聚光科技,浙江,电器仪表,jgkj,创业板,20110415,,
1673,300204.SZ,300204,舒泰神,北京,生物制药,sts,创业板,20110415,,
1674,300205.SZ,300205,ST天喻,湖北,通信设备,stty,创业板,20110421,艾迪,民营企业
1675,300206.SZ,300206,理邦仪器,深圳,医疗保健,lbyq,创业板,20110421,,
1676,300207.SZ,300207,欣旺达,深圳,电气设备,xwd,创业板,20110421,,
1677,300208.SZ,300208,*ST中程,山东,园区开发,stzc,创业板,20110426,青岛市人民政府国有资产监督管理委员会,地方国企
1678,300209.SZ,300209,*ST有树,湖南,互联网,stys,创业板,20110426,肖四清,民营企业
1679,300210.SZ,300210,森远股份,辽宁,专用机械,sygf,创业板,20110426,,
1680,300211.SZ,300211,亿通科技,江苏,通信设备,ytkj,创业板,20110505,黄汪,民营企业
1681,300212.SZ,300212,易华录,北京,软件服务,yhl,创业板,20110505,,
1682,300213.SZ,300213,佳讯飞鸿,北京,通信设备,jxfh,创业板,20110505,,
1683,300214.SZ,300214,日科化学,山东,化工原料,rkhx,创业板,20110511,,
1684,300215.SZ,300215,电科院,江苏,电气设备,dky,创业板,20110511,李崇珠,民营企业
1685,300217.SZ,300217,东方电热,江苏,家用电器,dfdr,创业板,20110518,,
1686,300218.SZ,300218,安利股份,安徽,塑料,algf,创业板,20110518,姚和平,民营企业
1687,300219.SZ,300219,鸿利智汇,广东,元器件,hlzh,创业板,20110518,泸州市国有资产监督管理委员会,地方国企
1688,300220.SZ,300220,金运激光,湖北,专用机械,jyjg,创业板,20110525,梁伟,民营企业
1689,300221.SZ,300221,银禧科技,广东,塑料,yxkj,创业板,20110525,谭颂斌,民营企业
1690,300222.SZ,300222,科大智能,上海,电气设备,kdzn,创业板,20110525,,
1691,300223.SZ,300223,北京君正,北京,半导体,bjjz,创业板,20110531,,
1692,300224.SZ,300224,正海磁材,山东,矿物制品,zhcc,创业板,20110531,,
1693,300225.SZ,300225,金力泰,上海,染料涂料,jlt,创业板,20110531,刘少林,民营企业
1694,300226.SZ,300226,上海钢联,上海,互联网,shgl,创业板,20110608,,
1695,300227.SZ,300227,光韵达,深圳,专用机械,gyd,创业板,20110608,,
1696,300228.SZ,300228,富瑞特装,江苏,化工机械,frtz,创业板,20110608,,
1697,300229.SZ,300229,拓尔思,北京,软件服务,tes,创业板,20110615,,
1698,300230.SZ,300230,永利股份,上海,塑料,ylgf,创业板,20110615,,
1699,300231.SZ,300231,银信科技,北京,软件服务,yxkj,创业板,20110615,,
1700,300232.SZ,300232,洲明科技,深圳,元器件,zmkj,创业板,20110622,,
1701,300233.SZ,300233,金城医药,山东,化学制药,jcyy,创业板,20110622,,
1702,300234.SZ,300234,开尔新材,浙江,陶瓷,kexc,创业板,20110622,,
1703,300235.SZ,300235,方直科技,深圳,软件服务,fzkj,创业板,20110629,,
1704,300236.SZ,300236,上海新阳,上海,半导体,shxy,创业板,20110629,,
1705,300237.SZ,300237,美晨科技,山东,汽车配件,mckj,创业板,20110629,山东省潍坊市人民政府国有资产监督管理委员会,地方国企
1706,300238.SZ,300238,冠昊生物,广东,医疗保健,ghsw,创业板,20110706,,
1707,300239.SZ,300239,东宝生物,内蒙,生物制药,dbsw,创业板,20110706,王爱国,民营企业
1708,300240.SZ,300240,飞力达,江苏,仓储物流,fld,创业板,20110706,姚勤,民营企业
1709,300241.SZ,300241,瑞丰光电,深圳,半导体,rfgd,创业板,20110712,,
1710,300242.SZ,300242,佳云科技,广东,互联网,jykj,创业板,20110712,,
1711,300243.SZ,300243,瑞丰高材,山东,化工原料,rfgc,创业板,20110712,,
1712,300244.SZ,300244,迪安诊断,浙江,医疗保健,dazd,创业板,20110719,,
1713,300245.SZ,300245,天玑科技,上海,软件服务,tjkj,创业板,20110719,苏博,民营企业
1714,300246.SZ,300246,宝莱特,广东,医疗保健,blt,创业板,20110719,,
1715,300247.SZ,300247,融捷健康,安徽,医疗保健,rjjk,创业板,20110729,,
1716,300248.SZ,300248,新开普,河南,软件服务,xkp,创业板,20110729,,
1717,300249.SZ,300249,依米康,四川,IT设备,ymk,创业板,20110803,,
1718,300250.SZ,300250,初灵信息,浙江,软件服务,clxx,创业板,20110803,,
1719,300251.SZ,300251,光线传媒,北京,影视音像,gxcm,创业板,20110803,,
1720,300252.SZ,300252,金信诺,深圳,通信设备,jxn,创业板,20110818,黄昌华,民营企业
1721,300253.SZ,300253,卫宁健康,上海,软件服务,wnjk,创业板,20110818,,
1722,300254.SZ,300254,仟源医药,山西,化学制药,qyyy,创业板,20110819,无实际控制人,无
1723,300255.SZ,300255,常山药业,河北,生物制药,csyy,创业板,20110819,,
1724,300256.SZ,300256,星星科技,江西,元器件,xxkj,创业板,20110819,应光捷,民营企业
1725,300257.SZ,300257,开山股份,上海,机械基件,ksgf,创业板,20110819,,
1726,300258.SZ,300258,精锻科技,江苏,汽车配件,jdkj,创业板,20110826,,
1727,300259.SZ,300259,新天科技,河南,电器仪表,xtkj,创业板,20110831,,
1728,300260.SZ,300260,新莱应材,江苏,机械基件,xlyc,创业板,20110906,李水波,民营企业
1729,300261.SZ,300261,雅本化学,江苏,农药化肥,ybhx,创业板,20110906,,
1730,300263.SZ,300263,隆华科技,河南,专用机械,lhkj,创业板,20110916,,
1731,300264.SZ,300264,佳创视讯,深圳,软件服务,jcsx,创业板,20110916,,
1732,300265.SZ,300265,通光线缆,江苏,电气设备,tgxl,创业板,20110916,,
1733,300266.SZ,300266,兴源环境,浙江,环境保护,xyhj,创业板,20110927,宁波市奉化区财政局,地方国企
1734,300267.SZ,300267,尔康制药,湖南,化学制药,ekzy,创业板,20110927,帅放文,民营企业
1735,300268.SZ,300268,ST佳沃,湖南,农业综合,stjw,创业板,20110927,联想控股股份有限公司,中央国企
1736,300269.SZ,300269,联建光电,深圳,元器件,ljgd,创业板,20111012,谭炜樑,民营企业
1737,300270.SZ,300270,中威电子,浙江,IT设备,zwdz,创业板,20111012,无实际控制人,无
1738,300271.SZ,300271,华宇软件,北京,软件服务,hyrj,创业板,20111026,,
1739,300272.SZ,300272,开能健康,上海,家用电器,knjk,创业板,20111102,瞿建国,民营企业
1740,300274.SZ,300274,阳光电源,安徽,电气设备,ygdy,创业板,20111102,,
1741,300275.SZ,300275,梅安森,重庆,工程机械,mas,创业板,20111102,,
1742,300276.SZ,300276,三丰智能,湖北,专用机械,sfzn,创业板,20111115,,
1743,300277.SZ,300277,海联讯,浙江,软件服务,hlx,创业板,20111123,杭州市人民政府,地方国企
1744,300278.SZ,300278,华昌达,湖北,专用机械,hcd,创业板,20111216,,
1745,300279.SZ,300279,和晶科技,江苏,元器件,hjkj,创业板,20111229,合肥市人民政府国有资产监督管理委员会,地方国企
1746,300280.SZ,300280,紫天科技,福建,广告包装,ztkj,创业板,20111229,,
1747,300281.SZ,300281,金明精机,广东,专用机械,jmjj,创业板,20111229,广州市人民政府,地方国企
1748,300283.SZ,300283,温州宏丰,浙江,电气设备,wzhf,创业板,20120110,,
1749,300284.SZ,300284,苏交科,江苏,建筑工程,sjk,创业板,20120110,广东省广州市人民政府国有资产监督管理委员会,地方国企
1750,300285.SZ,300285,国瓷材料,山东,陶瓷,gccl,创业板,20120113,,
1751,300286.SZ,300286,安科瑞,上海,电器仪表,akr,创业板,20120113,,
1752,300287.SZ,300287,飞利信,北京,软件服务,flx,创业板,20120201,杨振华,民营企业
1753,300288.SZ,300288,朗玛信息,贵州,软件服务,lmxx,创业板,20120216,王伟,民营企业
1754,300289.SZ,300289,利德曼,北京,医疗保健,ldm,创业板,20120216,孙茜,外资企业
1755,300290.SZ,300290,荣科科技,辽宁,软件服务,rkkj,创业板,20120216,河南省财政厅,地方国企
1756,300291.SZ,300291,百纳千成,北京,影视音像,bnqc,创业板,20120209,,
1757,300292.SZ,300292,吴通控股,江苏,互联网,wtkg,创业板,20120229,,
1758,300293.SZ,300293,蓝英装备,辽宁,专用机械,lyzb,创业板,20120308,,
1759,300294.SZ,300294,博雅生物,江西,生物制药,bysw,创业板,20120308,国务院国有资产监督管理委员会,中央国企
1760,300295.SZ,300295,三六五网,江苏,互联网,slww,创业板,20120315,,
1761,300296.SZ,300296,利亚德,北京,元器件,lyd,创业板,20120315,,
1762,300298.SZ,300298,三诺生物,湖南,医疗保健,snsw,创业板,20120319,,
1763,300299.SZ,300299,富春股份,福建,互联网,fcgf,创业板,20120319,缪品章,民营企业
1764,300300.SZ,300300,ST峡创,福建,软件服务,stxc,创业板,20120319,平潭综合实验区国有资产管理局,地方国企
1765,300301.SZ,300301,*ST长方,深圳,半导体,stcf,创业板,20120321,,
1766,300302.SZ,300302,同有科技,北京,IT设备,tykj,创业板,20120321,,
1767,300303.SZ,300303,聚飞光电,深圳,半导体,jfgd,创业板,20120319,,
1768,300304.SZ,300304,云意电气,江苏,汽车配件,yydq,创业板,20120321,,
1769,300305.SZ,300305,裕兴股份,江苏,塑料,yxgf,创业板,20120329,,
1770,300306.SZ,300306,远方信息,浙江,电器仪表,yfxx,创业板,20120329,,
1771,300307.SZ,300307,慈星股份,浙江,纺织机械,cxgf,创业板,20120329,,
1772,300308.SZ,300308,中际旭创,山东,通信设备,zjxc,创业板,20120410,,
1773,300310.SZ,300310,宜通世纪,广东,通信设备,ytsj,创业板,20120425,,
1774,300311.SZ,300311,任子行,深圳,软件服务,rzx,创业板,20120425,景晓军,民营企业
1775,300313.SZ,300313,ST天山,新疆,农业综合,stts,创业板,20120425,解直锟,民营企业
1776,300314.SZ,300314,戴维医疗,浙江,医疗保健,dwyl,创业板,20120508,,
1777,300315.SZ,300315,掌趣科技,北京,互联网,zqkj,创业板,20120511,,
1778,300316.SZ,300316,晶盛机电,浙江,专用机械,jsjd,创业板,20120511,,
1779,300317.SZ,300317,珈伟新能,深圳,电气设备,jwxn,创业板,20120511,李雳,外资企业
1780,300318.SZ,300318,博晖创新,北京,医疗保健,bhcx,创业板,20120523,,
1781,300319.SZ,300319,麦捷科技,深圳,元器件,mjkj,创业板,20120523,,
1782,300320.SZ,300320,海达股份,江苏,橡胶,hdgf,创业板,20120601,钱振宇,民营企业
1783,300321.SZ,300321,同大股份,山东,塑料,tdgf,创业板,20120523,潍坊市政府投融资管理中心,地方国企
1784,300322.SZ,300322,硕贝德,广东,元器件,sbd,创业板,20120608,,
1785,300323.SZ,300323,华灿光电,湖北,半导体,hcgd,创业板,20120601,珠海市人民政府国有资产监督管理委员会,地方国企
1786,300324.SZ,300324,旋极信息,北京,软件服务,xjxx,创业板,20120608,,
1787,300326.SZ,300326,凯利泰,上海,医疗保健,klt,创业板,20120613,,
1788,300327.SZ,300327,中颖电子,上海,半导体,zydz,创业板,20120613,傅启明,外资企业
1789,300328.SZ,300328,宜安科技,广东,小金属,yakj,创业板,20120619,李扬德,外资企业
1790,300329.SZ,300329,海伦钢琴,浙江,文教休闲,hlgq,创业板,20120619,,
1791,300331.SZ,300331,苏大维格,江苏,元器件,sdwg,创业板,20120628,陈林森,民营企业
1792,300332.SZ,300332,天壕能源,北京,供气供热,thny,创业板,20120628,,
1793,300333.SZ,300333,兆日科技,深圳,IT设备,zrkj,创业板,20120628,,
1794,300334.SZ,300334,津膜科技,天津,专用机械,jmkj,创业板,20120705,无实际控制人,无
1795,300335.SZ,300335,迪森股份,广东,供气供热,dsgf,创业板,20120710,,
1796,300337.SZ,300337,银邦股份,江苏,铝,ybgf,创业板,20120718,,
1797,300338.SZ,300338,*ST开元,湖南,文教休闲,stky,创业板,20120726,江勇,民营企业
1798,300339.SZ,300339,润和软件,江苏,软件服务,rhrj,创业板,20120718,周红卫,民营企业
1799,300340.SZ,300340,科恒股份,广东,电气设备,khgf,创业板,20120726,,
1800,300341.SZ,300341,麦克奥迪,福建,电气设备,mkad,创业板,20120726,陈沛欣,外资企业
1801,300342.SZ,300342,天银机电,江苏,家用电器,tyjd,创业板,20120726,,
1802,300343.SZ,300343,联创股份,山东,化工原料,lcgf,创业板,20120801,,
1803,300344.SZ,300344,立方数科,安徽,软件服务,lfsk,创业板,20120801,古钰瑭,民营企业
1804,300345.SZ,300345,华民股份,湖南,机械基件,hmgf,创业板,20120801,欧阳少红,民营企业
1805,300346.SZ,300346,南大光电,江苏,半导体,ndgd,创业板,20120807,,
1806,300347.SZ,300347,泰格医药,浙江,医疗保健,tgyy,创业板,20120817,,
1807,300348.SZ,300348,长亮科技,深圳,软件服务,clkj,创业板,20120817,,
1808,300349.SZ,300349,金卡智能,浙江,电器仪表,jkzn,创业板,20120817,杨斌,民营企业
1809,300350.SZ,300350,华鹏飞,深圳,仓储物流,hpf,创业板,20120821,张京豫,民营企业
1810,300351.SZ,300351,永贵电器,浙江,运输设备,ygdq,创业板,20120920,,
1811,300352.SZ,300352,北信源,北京,软件服务,bxy,创业板,20120912,林皓,民营企业
1812,300353.SZ,300353,东土科技,北京,通信设备,dtkj,创业板,20120927,,
1813,300354.SZ,300354,东华测试,江苏,电器仪表,dhcs,创业板,20120920,,
1814,300355.SZ,300355,蒙草生态,内蒙,环境保护,mcst,创业板,20120927,王召明,民营企业
1815,300357.SZ,300357,我武生物,浙江,生物制药,wwsw,创业板,20140121,,
1816,300358.SZ,300358,楚天科技,湖南,医疗保健,ctkj,创业板,20140121,,
1817,300359.SZ,300359,全通教育,广东,文教休闲,qtjy,创业板,20140121,无实际控制人,无
1818,300360.SZ,300360,炬华科技,浙江,电器仪表,jhkj,创业板,20140121,,
1819,300363.SZ,300363,博腾股份,重庆,化学制药,btgf,创业板,20140129,,
1820,300364.SZ,300364,中文在线,北京,出版业,zwzx,创业板,20150121,,
1821,300365.SZ,300365,恒华科技,北京,软件服务,hhkj,创业板,20140123,,
1822,300366.SZ,300366,创意信息,四川,软件服务,cyxx,创业板,20140127,,
1823,300368.SZ,300368,ST汇金,河北,IT设备,sthj,创业板,20140123,,
1824,300369.SZ,300369,绿盟科技,北京,软件服务,lmkj,创业板,20140129,,
1825,300370.SZ,300370,安控科技,四川,电器仪表,akkj,创业板,20140123,徐辉,民营企业
1826,300371.SZ,300371,汇中股份,河北,电器仪表,hzgf,创业板,20140123,张力新,民营企业
1827,300373.SZ,300373,扬杰科技,江苏,半导体,yjkj,创业板,20140123,,
1828,300374.SZ,300374,中铁装配,北京,其他建材,ztzp,创业板,20150319,国务院国有资产监督管理委员会,中央国企
1829,300375.SZ,300375,鹏翎股份,天津,汽车配件,plgf,创业板,20140127,张洪起,民营企业
1830,300376.SZ,300376,ST易事特,广东,电气设备,styst,创业板,20140127,无实际控制人,无
1831,300377.SZ,300377,赢时胜,深圳,软件服务,yss,创业板,20140127,唐球,民营企业
1832,300378.SZ,300378,鼎捷软件,上海,软件服务,djrj,创业板,20140127,,
1833,300379.SZ,300379,东方通,北京,软件服务,dft,创业板,20140128,,
1834,300380.SZ,300380,安硕信息,上海,软件服务,asxx,创业板,20140128,,
1835,300381.SZ,300381,溢多利,广东,化学制药,ydl,创业板,20140128,,
1836,300382.SZ,300382,斯莱克,江苏,专用机械,slk,创业板,20140129,,
1837,300383.SZ,300383,光环新网,北京,软件服务,ghxw,创业板,20140129,,
1838,300384.SZ,300384,三联虹普,北京,建筑工程,slhp,创业板,20140801,,
1839,300385.SZ,300385,雪浪环境,江苏,环境保护,xlhj,创业板,20140626,常州国家高新技术产业开发区(新北区)党政办公室,地方国企
1840,300386.SZ,300386,飞天诚信,北京,IT设备,ftcx,创业板,20140626,,
1841,300387.SZ,300387,富邦股份,湖北,农药化肥,fbgf,创业板,20140702,王仁宗,民营企业
1842,300388.SZ,300388,节能国祯,安徽,环境保护,jngz,创业板,20140801,国务院国有资产监督管理委员会,中央国企
1843,300389.SZ,300389,艾比森,深圳,元器件,abs,创业板,20140801,无实际控制人,无
1844,300390.SZ,300390,天华新能,江苏,电气设备,thxn,创业板,20140731,,
1845,300391.SZ,300391,长药控股,湖北,中成药,cykg,创业板,20140801,宁新江,民营企业
1846,300393.SZ,300393,中来股份,江苏,塑料,zlgf,创业板,20140912,浙江省人民政府国有资产监督管理委员会,地方国企
1847,300394.SZ,300394,天孚通信,江苏,通信设备,tftx,创业板,20150217,,
1848,300395.SZ,300395,菲利华,湖北,玻璃,flh,创业板,20140910,,
1849,300396.SZ,300396,迪瑞医疗,吉林,医疗保健,dryl,创业板,20140910,中国华润有限公司,中央国企
1850,300397.SZ,300397,天和防务,陕西,通信设备,thfw,创业板,20140910,贺增林,民营企业
1851,300398.SZ,300398,飞凯材料,上海,化工原料,fkcl,创业板,20141009,,
1852,300399.SZ,300399,天利科技,江西,互联网,tlkj,创业板,20141009,上饶市国有资产监督管理委员会,地方国企
1853,300400.SZ,300400,劲拓股份,深圳,专用机械,jtgf,创业板,20141010,吴限,民营企业
1854,300401.SZ,300401,花园生物,浙江,化学制药,hysw,创业板,20141009,,
1855,300402.SZ,300402,宝色股份,江苏,专用机械,bsgf,创业板,20141010,,
1856,300403.SZ,300403,汉宇集团,广东,家用电器,hyjt,创业板,20141030,,
1857,300404.SZ,300404,博济医药,广东,医疗保健,bjyy,创业板,20150424,,
1858,300405.SZ,300405,科隆股份,辽宁,化工原料,klgf,创业板,20141030,,
1859,300406.SZ,300406,九强生物,北京,医疗保健,jqsw,创业板,20141030,,
1860,300407.SZ,300407,凯发电气,天津,电气设备,kfdq,创业板,20141203,孔祥洲,民营企业
1861,300408.SZ,300408,三环集团,广东,元器件,shjt,创业板,20141203,,
1862,300409.SZ,300409,道氏技术,广东,电气设备,dsjs,创业板,20141203,,
1863,300410.SZ,300410,正业科技,广东,专用机械,zykj,创业板,20141231,景德镇市国有资产监督管理委员会,地方国企
1864,300411.SZ,300411,金盾股份,浙江,专用机械,jdgf,创业板,20141231,无实际控制人,无
1865,300412.SZ,300412,迦南科技,浙江,医疗保健,jnkj,创业板,20141231,,
1866,300413.SZ,300413,芒果超媒,湖南,影视音像,mgcm,创业板,20150121,湖南省人民政府国有资产监督管理委员会,地方国企
1867,300414.SZ,300414,中光防雷,四川,通信设备,zgfl,创业板,20150513,,
1868,300415.SZ,300415,伊之密,广东,专用机械,yzm,创业板,20150123,陈立尧,民营企业
1869,300416.SZ,300416,苏试试验,江苏,电器仪表,sssy,创业板,20150122,,
1870,300417.SZ,300417,南华仪器,广东,电器仪表,nhyq,创业板,20150123,无实际控制人,无
1871,300418.SZ,300418,昆仑万维,北京,互联网,klww,创业板,20150121,,
1872,300419.SZ,300419,浩丰科技,北京,软件服务,hfkj,创业板,20150122,王广宇,民营企业
1873,300420.SZ,300420,五洋自控,江苏,机械基件,wyzk,创业板,20150217,侯友夫,民营企业
1874,300421.SZ,300421,力星股份,江苏,机械基件,lxgf,创业板,20150217,施祥贵,民营企业
1875,300422.SZ,300422,博世科,安徽,环境保护,bsk,创业板,20150217,广州市人民政府,地方国企
1876,300423.SZ,300423,昇辉科技,山东,电气设备,shkj,创业板,20150217,李昭强,民营企业
1877,300424.SZ,300424,航新科技,广东,航空,hxkj,创业板,20150422,余厚蜀,民营企业
1878,300425.SZ,300425,中建环能,四川,环境保护,zjhn,创业板,20150216,国务院国有资产监督管理委员会,中央国企
1879,300426.SZ,300426,唐德影视,浙江,影视音像,tdys,创业板,20150217,浙江广播电视集团,地方国企
1880,300427.SZ,300427,*ST红相,福建,电气设备,sthx,创业板,20150217,,
1881,300428.SZ,300428,立中集团,河北,汽车配件,lzjt,创业板,20150319,,
1882,300429.SZ,300429,强力新材,江苏,化工原料,qlxc,创业板,20150324,钱晓春,民营企业
1883,300430.SZ,300430,诚益通,北京,电器仪表,cyt,创业板,20150319,,
1884,300432.SZ,300432,富临精工,四川,汽车配件,fljg,创业板,20150319,安治富,民营企业
1885,300433.SZ,300433,蓝思科技,湖南,元器件,lskj,创业板,20150318,周群飞,外资企业
1886,300434.SZ,300434,金石亚药,四川,化学制药,jsyy,创业板,20150424,无实际控制人,无
1887,300435.SZ,300435,中泰股份,浙江,供气供热,ztgf,创业板,20150326,,
1888,300436.SZ,300436,广生堂,福建,化学制药,gst,创业板,20150422,,
1889,300437.SZ,300437,清水源,河南,化工原料,qsy,创业板,20150423,,
1890,300438.SZ,300438,鹏辉能源,广东,电气设备,phny,创业板,20150424,,
1891,300439.SZ,300439,美康生物,浙江,医疗保健,mksw,创业板,20150422,,
1892,300440.SZ,300440,运达科技,四川,软件服务,ydkj,创业板,20150423,,
1893,300441.SZ,300441,鲍斯股份,浙江,机床制造,bsgf,创业板,20150423,,
1894,300442.SZ,300442,润泽科技,上海,软件服务,rzkj,创业板,20150424,周超男,民营企业
1895,300443.SZ,300443,金雷股份,山东,电气设备,jlgf,创业板,20150422,,
1896,300444.SZ,300444,双杰电气,北京,电气设备,sjdq,创业板,20150423,赵志宏,民营企业
1897,300445.SZ,300445,康斯特,北京,电器仪表,kst,创业板,20150424,,
1898,300446.SZ,300446,航天智造,河北,汽车配件,htzz,创业板,20150423,中国航天科技集团有限公司,中央国企
1899,300447.SZ,300447,全信股份,江苏,电气设备,qxgf,创业板,20150422,陈祥楼,民营企业
1900,300448.SZ,300448,浩云科技,广东,软件服务,hykj,创业板,20150424,,
1901,300449.SZ,300449,汉邦高科,北京,IT设备,hbgk,创业板,20150422,无实际控制人,无
1902,300450.SZ,300450,先导智能,江苏,专用机械,xdzn,创业板,20150518,,
1903,300451.SZ,300451,创业慧康,浙江,软件服务,cyhk,创业板,20150514,,
1904,300452.SZ,300452,山河药辅,安徽,化学制药,shyf,创业板,20150515,,
1905,300453.SZ,300453,三鑫医疗,江西,医疗保健,sxyl,创业板,20150515,,
1906,300454.SZ,300454,深信服,深圳,软件服务,sxf,创业板,20180516,,
1907,300455.SZ,300455,航天智装,北京,IT设备,htzz,创业板,20150515,,
1908,300456.SZ,300456,赛微电子,北京,半导体,swdz,创业板,20150514,,
1909,300457.SZ,300457,赢合科技,深圳,专用机械,yhkj,创业板,20150514,上海市国有资产监督管理委员会,地方国企
1910,300458.SZ,300458,全志科技,广东,半导体,qzkj,创业板,20150515,张建辉,外资企业
1911,300459.SZ,300459,汤姆猫,浙江,互联网,tmm,创业板,20150515,,
1912,300460.SZ,300460,惠伦晶体,广东,元器件,hljt,创业板,20150515,,
1913,300461.SZ,300461,田中精机,浙江,专用机械,tzjj,创业板,20150519,肖永富,民营企业
1914,300462.SZ,300462,华铭智能,上海,IT设备,hmzn,创业板,20150527,,
1915,300463.SZ,300463,迈克生物,四川,医疗保健,mksw,创业板,20150528,唐勇,民营企业
1916,300464.SZ,300464,星徽股份,广东,机械基件,xhgf,创业板,20150610,,
1917,300465.SZ,300465,高伟达,北京,软件服务,gwd,创业板,20150528,,
1918,300466.SZ,300466,赛摩智能,江苏,电器仪表,smzn,创业板,20150528,河南省洛阳市人民政府国有资产监督管理委员会,地方国企
1919,300467.SZ,300467,迅游科技,四川,互联网,xykj,创业板,20150527,贵阳市人民政府国有资产监督管理委员会,地方国企
1920,300468.SZ,300468,四方精创,深圳,软件服务,sfjc,创业板,20150527,周志群,外资企业
1921,300469.SZ,300469,信息发展,浙江,软件服务,xxfz,创业板,20150611,交通运输通信信息集团有限公司,中央国企
1922,300470.SZ,300470,中密控股,四川,机械基件,zmkg,创业板,20150612,四川省机械研究设计院(集团)有限公司,地方国企
1923,300471.SZ,300471,厚普股份,四川,专用机械,hpgf,创业板,20150611,王季文,民营企业
1924,300472.SZ,300472,新元科技,江西,专用机械,xykj,创业板,20150611,,
1925,300473.SZ,300473,德尔股份,辽宁,汽车配件,degf,创业板,20150612,,
1926,300474.SZ,300474,景嘉微,湖南,元器件,jjw,创业板,20160331,,
1927,300475.SZ,300475,香农芯创,安徽,元器件,xnxc,创业板,20150610,张维,民营企业
1928,300476.SZ,300476,胜宏科技,广东,元器件,shkj,创业板,20150611,,
1929,300477.SZ,300477,合纵科技,湖南,电气设备,hzkj,创业板,20150610,刘泽刚,民营企业
1930,300478.SZ,300478,杭州高新,浙江,塑料,hzgx,创业板,20150610,吕俊坤,民营企业
1931,300479.SZ,300479,神思电子,山东,软件服务,ssdz,创业板,20150612,济南市人民政府国有资产监督管理委员会,地方国企
1932,300480.SZ,300480,光力科技,河南,专用机械,glkj,创业板,20150702,,
1933,300481.SZ,300481,濮阳惠成,河南,化工原料,pyhc,创业板,20150630,,
1934,300482.SZ,300482,万孚生物,广东,医疗保健,wfsw,创业板,20150630,,
1935,300483.SZ,300483,首华燃气,上海,石油开采,shrq,创业板,20150630,吴海林,民营企业
1936,300484.SZ,300484,蓝海华腾,深圳,电气设备,lhht,创业板,20160322,邱文渊,民营企业
1937,300485.SZ,300485,赛升药业,北京,生物制药,ssyy,创业板,20150626,,
1938,300486.SZ,300486,东杰智能,山西,专用机械,djzn,创业板,20150630,淄博市财政局,地方国企
1939,300487.SZ,300487,蓝晓科技,陕西,化工原料,lxkj,创业板,20150702,,
1940,300488.SZ,300488,恒锋工具,浙江,机械基件,hfgj,创业板,20150701,恒锋控股有限公司,民营企业
1941,300489.SZ,300489,光智科技,黑龙江,专用机械,gzkj,创业板,20150701,朱世会,民营企业
1942,300490.SZ,300490,华自科技,湖南,专用机械,hzkj,创业板,20151231,黄文宝,民营企业
1943,300491.SZ,300491,通合科技,河北,电气设备,thkj,创业板,20151231,马晓峰,民营企业
1944,300492.SZ,300492,华图山鼎,四川,建筑工程,htsd,创业板,20151223,易定宏,民营企业
1945,300493.SZ,300493,润欣科技,上海,元器件,rxkj,创业板,20151210,郎晓刚,外资企业
1946,300494.SZ,300494,盛天网络,湖北,互联网,stwl,创业板,20151231,,
1947,300495.SZ,300495,*ST美尚,深圳,环境保护,stms,创业板,20151222,,
1948,300496.SZ,300496,中科创达,北京,软件服务,zkcd,创业板,20151210,,
1949,300497.SZ,300497,富祥药业,江西,化学制药,fxyy,创业板,20151222,包建华,民营企业
1950,300498.SZ,300498,温氏股份,广东,农业综合,wsgf,创业板,20151102,温志芬,民营企业
1951,300499.SZ,300499,高澜股份,广东,专用机械,glgf,创业板,20160202,,
1952,300500.SZ,300500,启迪设计,江苏,建筑工程,qdsj,创业板,20160204,,
1953,300501.SZ,300501,海顺新材,上海,广告包装,hsxc,创业板,20160204,,
1954,300502.SZ,300502,新易盛,四川,通信设备,xys,创业板,20160303,高光荣,民营企业
1955,300503.SZ,300503,昊志机电,广东,机械基件,hzjd,创业板,20160309,,
1956,300504.SZ,300504,天邑股份,四川,通信设备,tygf,创业板,20180330,李世宏,民营企业
1957,300505.SZ,300505,川金诺,云南,农药化肥,cjn,创业板,20160315,,
1958,300506.SZ,300506,*ST名家,深圳,建筑工程,stmj,创业板,20160324,,
1959,300507.SZ,300507,苏奥传感,江苏,汽车配件,sacg,创业板,20160429,,
1960,300508.SZ,300508,维宏股份,上海,软件服务,whgf,创业板,20160419,,
1961,300509.SZ,300509,新美星,江苏,专用机械,xmx,创业板,20160425,,
1962,300510.SZ,300510,金冠股份,吉林,电气设备,jggf,创业板,20160506,洛阳市老城区人民政府,地方国企
1963,300511.SZ,300511,雪榕生物,上海,种植业,xrsw,创业板,20160504,杨勇萍,民营企业
1964,300512.SZ,300512,中亚股份,浙江,专用机械,zygf,创业板,20160526,,
1965,300513.SZ,300513,恒实科技,北京,软件服务,hskj,创业板,20160530,,
1966,300514.SZ,300514,友讯达,深圳,电器仪表,yxd,创业板,20170426,崔涛,民营企业
1967,300515.SZ,300515,三德科技,湖南,电器仪表,sdkj,创业板,20160608,,
1968,300516.SZ,300516,久之洋,湖北,电器仪表,jzy,创业板,20160602,中国船舶重工集团有限公司,中央国企
1969,300517.SZ,300517,海波重科,湖北,建筑工程,hbzk,创业板,20160719,,
1970,300518.SZ,300518,新迅达,广西,互联网,xxd,创业板,20160624,吴成华,民营企业
1971,300519.SZ,300519,新光药业,浙江,中成药,xgyy,创业板,20160624,,
1972,300520.SZ,300520,科大国创,安徽,软件服务,kdgc,创业板,20160708,董永东,民营企业
1973,300521.SZ,300521,爱司凯,广东,专用机械,ask,创业板,20160705,,
1974,300522.SZ,300522,世名科技,江苏,染料涂料,smkj,创业板,20160705,吕仕铭,民营企业
1975,300523.SZ,300523,辰安科技,北京,软件服务,cakj,创业板,20160726,国务院国有资产监督管理委员会,中央国企
1976,300525.SZ,300525,博思软件,福建,软件服务,bsrj,创业板,20160726,,
1977,300527.SZ,300527,中船应急,湖北,专用机械,zcyj,创业板,20160805,,
1978,300528.SZ,300528,幸福蓝海,江苏,影视音像,xflh,创业板,20160808,,
1979,300529.SZ,300529,健帆生物,广东,医疗保健,jfsw,创业板,20160802,,
1980,300530.SZ,300530,领湃科技,湖南,电气设备,lpkj,创业板,20160809,王蕾,民营企业
1981,300531.SZ,300531,优博讯,深圳,IT设备,ybx,创业板,20160809,郭颂,外资企业
1982,300532.SZ,300532,今天国际,深圳,软件服务,jtgj,创业板,20160818,邵健伟,民营企业
1983,300533.SZ,300533,冰川网络,深圳,互联网,bcwl,创业板,20160818,,
1984,300534.SZ,300534,陇神戎发,甘肃,中成药,lsrf,创业板,20160913,,
1985,300535.SZ,300535,达威股份,四川,化工原料,dwgf,创业板,20160812,,
1986,300536.SZ,300536,*ST农尚,湖北,建筑工程,stns,创业板,20160920,吴亮,民营企业
1987,300537.SZ,300537,广信材料,江苏,染料涂料,gxcl,创业板,20160830,李有明,民营企业
1988,300538.SZ,300538,同益股份,深圳,塑料,tygf,创业板,20160826,,
1989,300539.SZ,300539,横河精密,浙江,塑料,hhjm,创业板,20160830,胡志军,民营企业
1990,300540.SZ,300540,蜀道装备,四川,专用机械,sdzb,创业板,20160823,四川省政府国有资产监督管理委员会,地方国企
1991,300541.SZ,300541,先进数通,北京,软件服务,xjst,创业板,20160913,范丽明,民营企业
1992,300542.SZ,300542,新晨科技,北京,软件服务,xckj,创业板,20160920,无实际控制人,无
1993,300543.SZ,300543,朗科智能,深圳,元器件,lkzn,创业板,20160908,,
1994,300545.SZ,300545,联得装备,深圳,专用机械,ldzb,创业板,20160928,,
1995,300546.SZ,300546,雄帝科技,深圳,IT设备,xdkj,创业板,20160928,,
1996,300547.SZ,300547,川环科技,四川,汽车配件,chkj,创业板,20160930,文建树,民营企业
1997,300548.SZ,300548,博创科技,浙江,通信设备,bckj,创业板,20161012,朱伟,外资企业
1998,300549.SZ,300549,优德精密,江苏,专用机械,ydjm,创业板,20160930,曾正雄,外资企业
1999,300550.SZ,300550,和仁科技,浙江,软件服务,hrkj,创业板,20161018,,
2000,300551.SZ,300551,古鳌科技,上海,软件服务,gakj,创业板,20161018,,
2001,300552.SZ,300552,万集科技,北京,IT设备,wjkj,创业板,20161021,,
2002,300553.SZ,300553,集智股份,浙江,电器仪表,jzgf,创业板,20161021,,
2003,300554.SZ,300554,三超新材,江苏,矿物制品,scxc,创业板,20170421,,
2004,300555.SZ,300555,ST路通,江苏,通信设备,stlt,创业板,20161018,林竹,民营企业
2005,300556.SZ,300556,丝路视觉,深圳,软件服务,slsj,创业板,20161104,,
2006,300557.SZ,300557,理工光科,湖北,电器仪表,lggk,创业板,20161101,,
2007,300558.SZ,300558,贝达药业,浙江,化学制药,bdyy,创业板,20161107,丁列明,民营企业
2008,300559.SZ,300559,佳发教育,四川,软件服务,jfjy,创业板,20161101,袁斌,民营企业
2009,300560.SZ,300560,中富通,福建,通信设备,zft,创业板,20161101,,
2010,300561.SZ,300561,汇金科技,广东,软件服务,hjkj,创业板,20161117,,
2011,300562.SZ,300562,乐心医疗,广东,医疗保健,lxyl,创业板,20161116,,
2012,300563.SZ,300563,神宇股份,江苏,通信设备,sygf,创业板,20161114,,
2013,300564.SZ,300564,筑博设计,西藏,建筑工程,zbsj,创业板,20191108,徐先林,民营企业
2014,300565.SZ,300565,科信技术,深圳,通信设备,kxjs,创业板,20161122,无实际控制人,无
2015,300566.SZ,300566,激智科技,浙江,元器件,jzkj,创业板,20161115,,
2016,300567.SZ,300567,精测电子,湖北,电器仪表,jcdz,创业板,20161122,,
2017,300568.SZ,300568,星源材质,深圳,化工原料,xycz,创业板,20161201,陈秀峰,民营企业
2018,300569.SZ,300569,天能重工,山东,电气设备,tnzg,创业板,20161125,珠海市人民政府国有资产监督管理委员会,地方国企
2019,300570.SZ,300570,太辰光,深圳,通信设备,tcg,创业板,20161206,张致民,民营企业
2020,300571.SZ,300571,平治信息,浙江,互联网,pzxx,创业板,20161213,,
2021,300572.SZ,300572,安车检测,深圳,电器仪表,acjc,创业板,20161206,,
2022,300573.SZ,300573,兴齐眼药,辽宁,化学制药,xqyy,创业板,20161208,,
2023,300575.SZ,300575,中旗股份,江苏,农药化肥,zqgf,创业板,20161220,,
2024,300576.SZ,300576,容大感光,深圳,染料涂料,rdgg,创业板,20161220,林海望,民营企业
2025,300577.SZ,300577,开润股份,安徽,纺织,krgf,创业板,20161221,,
2026,300578.SZ,300578,会畅通讯,上海,通信设备,hctx,创业板,20170125,,
2027,300579.SZ,300579,数字认证,北京,软件服务,szrz,创业板,20161223,,
2028,300580.SZ,300580,贝斯特,江苏,汽车配件,bst,创业板,20170111,,
2029,300581.SZ,300581,晨曦航空,陕西,航空,cxhk,创业板,20161220,,
2030,300582.SZ,300582,英飞特,浙江,元器件,yft,创业板,20161228,Guichao Hua,外资企业
2031,300583.SZ,300583,赛托生物,山东,化学制药,stsw,创业板,20170106,,
2032,300584.SZ,300584,海辰药业,江苏,化学制药,hcyy,创业板,20170112,,
2033,300585.SZ,300585,奥联电子,江苏,汽车配件,aldz,创业板,20161229,钱明飞,民营企业
2034,300586.SZ,300586,美联新材,广东,化工原料,mlxc,创业板,20170104,,
2035,300587.SZ,300587,天铁股份,浙江,橡胶,ttgf,创业板,20170105,王美雨,民营企业
2036,300588.SZ,300588,熙菱信息,新疆,IT设备,xlxx,创业板,20170105,,
2037,300589.SZ,300589,江龙船艇,广东,船舶,jlct,创业板,20170113,,
2038,300590.SZ,300590,移为通信,上海,通信设备,ywtx,创业板,20170111,,
2039,300591.SZ,300591,万里马,广东,服饰,wlm,创业板,20170110,,
2040,300592.SZ,300592,华凯易佰,湖南,互联网,hkyb,创业板,20170120,,
2041,300593.SZ,300593,新雷能,北京,电气设备,xln,创业板,20170113,,
2042,300594.SZ,300594,朗进科技,山东,运输设备,ljkj,创业板,20190621,,
2043,300595.SZ,300595,欧普康视,安徽,医疗保健,opks,创业板,20170117,,
2044,300596.SZ,300596,利安隆,天津,化工原料,lal,创业板,20170119,,
2045,300597.SZ,300597,吉大通信,吉林,通信设备,jdtx,创业板,20170123,,
2046,300598.SZ,300598,诚迈科技,江苏,软件服务,cmkj,创业板,20170120,,
2047,300599.SZ,300599,雄塑科技,广东,塑料,xskj,创业板,20170123,黄淦雄,民营企业
2048,300600.SZ,300600,ST瑞科,江苏,船舶,strk,创业板,20170125,浙江省人民政府国有资产监督管理委员会,地方国企
2049,300601.SZ,300601,康泰生物,深圳,生物制药,ktsw,创业板,20170207,杜伟民,民营企业
2050,300602.SZ,300602,飞荣达,深圳,元器件,frd,创业板,20170126,,
2051,300603.SZ,300603,立昂技术,新疆,通信设备,lajs,创业板,20170126,王刚,民营企业
2052,300604.SZ,300604,长川科技,浙江,半导体,cckj,创业板,20170417,,
2053,300605.SZ,300605,恒锋信息,福建,软件服务,hfxx,创业板,20170208,魏晓曦,民营企业
2054,300606.SZ,300606,金太阳,广东,机械基件,jty,创业板,20170208,,
2055,300607.SZ,300607,拓斯达,广东,专用机械,tsd,创业板,20170209,,
2056,300608.SZ,300608,思特奇,北京,软件服务,stq,创业板,20170213,,
2057,300609.SZ,300609,汇纳科技,上海,软件服务,hnkj,创业板,20170215,,
2058,300610.SZ,300610,晨化股份,江苏,化工原料,chgf,创业板,20170213,,
2059,300611.SZ,300611,美力科技,浙江,汽车配件,mlkj,创业板,20170220,,
2060,300612.SZ,300612,宣亚国际,北京,广告包装,xygj,创业板,20170215,,
2061,300613.SZ,300613,富瀚微,上海,半导体,fhw,创业板,20170220,,
2062,300614.SZ,300614,百川畅银,河南,环境保护,bccy,创业板,20210525,陈功海,民营企业
2063,300615.SZ,300615,欣天科技,深圳,通信设备,xtkj,创业板,20170215,石伟平,民营企业
2064,300616.SZ,300616,尚品宅配,广东,家居用品,spzp,创业板,20170307,,
2065,300617.SZ,300617,安靠智电,江苏,电气设备,akzd,创业板,20170228,,
2066,300618.SZ,300618,寒锐钴业,江苏,小金属,hrgy,创业板,20170306,,
2067,300619.SZ,300619,金银河,广东,专用机械,jyh,创业板,20170301,张启发,民营企业
2068,300620.SZ,300620,光库科技,广东,通信设备,gkkj,创业板,20170310,珠海市人民政府国有资产监督管理委员会,地方国企
2069,300621.SZ,300621,维业股份,深圳,装修装饰,wygf,创业板,20170316,珠海市人民政府国有资产监督管理委员会,地方国企
2070,300622.SZ,300622,博士眼镜,深圳,其他商业,bsyj,创业板,20170315,ALEXANDER LIU,外资企业
2071,300623.SZ,300623,捷捷微电,江苏,半导体,jjwd,创业板,20170314,,
2072,300624.SZ,300624,万兴科技,西藏,软件服务,wxkj,创业板,20180118,,
2073,300625.SZ,300625,三雄极光,广东,家用电器,sxjg,创业板,20170317,无实际控制人,无
2074,300626.SZ,300626,华瑞股份,浙江,电气设备,hrgf,创业板,20170320,广西壮族自治区梧州市人民政府国有资产监督管理委员会,地方国企
2075,300627.SZ,300627,华测导航,上海,通信设备,hcdh,创业板,20170321,,
2076,300628.SZ,300628,亿联网络,福建,通信设备,ylwl,创业板,20170317,,
2077,300629.SZ,300629,新劲刚,广东,元器件,xjg,创业板,20170324,,
2078,300630.SZ,300630,普利制药,海南,化学制药,plzy,创业板,20170328,,
2079,300631.SZ,300631,久吾高科,江苏,环境保护,jwgk,创业板,20170323,,
2080,300632.SZ,300632,光莆股份,福建,半导体,gpgf,创业板,20170406,,
2081,300633.SZ,300633,开立医疗,深圳,医疗保健,klyl,创业板,20170406,,
2082,300634.SZ,300634,彩讯股份,深圳,软件服务,cxgf,创业板,20180323,,
2083,300635.SZ,300635,中达安,广东,建筑工程,zda,创业板,20170331,济南市历城区财政局,地方国企
2084,300636.SZ,300636,同和药业,江西,化学制药,thyy,创业板,20170331,,
2085,300637.SZ,300637,扬帆新材,浙江,化工原料,yfxc,创业板,20170412,,
2086,300638.SZ,300638,广和通,深圳,通信设备,ght,创业板,20170413,,
2087,300639.SZ,300639,凯普生物,广东,医疗保健,kpsw,创业板,20170412,,
2088,300640.SZ,300640,德艺文创,福建,家居用品,dywc,创业板,20170417,吴体芳,民营企业
2089,300641.SZ,300641,正丹股份,江苏,化工原料,zdgf,创业板,20170418,,
2090,300642.SZ,300642,透景生命,上海,医疗保健,tjsm,创业板,20170421,,
2091,300643.SZ,300643,万通智控,浙江,汽车配件,wtzk,创业板,20170505,,
2092,300644.SZ,300644,南京聚隆,江苏,塑料,njjl,创业板,20180206,,
2093,300645.SZ,300645,正元智慧,浙江,软件服务,zyzh,创业板,20170421,陈坚,民营企业
2094,300647.SZ,300647,超频三,深圳,化工原料,cps,创业板,20170503,刘郁,民营企业
2095,300648.SZ,300648,星云股份,福建,电气设备,xygf,创业板,20170425,李有财,民营企业
2096,300649.SZ,300649,杭州园林,浙江,建筑工程,hzyl,创业板,20170505,无实际控制人,无
2097,300650.SZ,300650,太龙股份,福建,元器件,tlgf,创业板,20170503,,
2098,300651.SZ,300651,金陵体育,江苏,文教休闲,jlty,创业板,20170509,,
2099,300652.SZ,300652,雷迪克,浙江,汽车配件,ldk,创业板,20170516,,
2100,300653.SZ,300653,正海生物,山东,医疗保健,zhsw,创业板,20170516,,
2101,300654.SZ,300654,世纪天鸿,山东,出版业,sjth,创业板,20170926,,
2102,300655.SZ,300655,晶瑞电材,江苏,半导体,jrdc,创业板,20170523,罗培楠,外资企业
2103,300656.SZ,300656,民德电子,深圳,IT设备,mddz,创业板,20170519,,
2104,300657.SZ,300657,弘信电子,福建,元器件,hxdz,创业板,20170523,,
2105,300658.SZ,300658,延江股份,福建,纺织,yjgf,创业板,20170602,,
2106,300659.SZ,300659,中孚信息,山东,IT设备,zfxx,创业板,20170526,魏东晓,民营企业
2107,300660.SZ,300660,江苏雷利,江苏,电气设备,jsll,创业板,20170602,,
2108,300661.SZ,300661,圣邦股份,北京,半导体,sbgf,创业板,20170606,,
2109,300662.SZ,300662,科锐国际,北京,文教休闲,krgj,创业板,20170608,,
2110,300663.SZ,300663,科蓝软件,北京,软件服务,klrj,创业板,20170608,王安京,民营企业
2111,300664.SZ,300664,鹏鹞环保,江苏,环境保护,pyhb,创业板,20180105,,
2112,300665.SZ,300665,飞鹿股份,湖南,染料涂料,flgf,创业板,20170613,,
2113,300666.SZ,300666,江丰电子,浙江,半导体,jfdz,创业板,20170615,,
2114,300667.SZ,300667,必创科技,北京,电器仪表,bckj,创业板,20170619,代啸宁,民营企业
2115,300668.SZ,300668,杰恩设计,深圳,装修装饰,jesj,创业板,20170619,姜峰,外资企业
2116,300669.SZ,300669,沪宁股份,浙江,运输设备,hngf,创业板,20170629,,
2117,300670.SZ,300670,大烨智能,江苏,电气设备,dyzn,创业板,20170703,,
2118,300671.SZ,300671,富满微,深圳,半导体,fmw,创业板,20170705,刘景裕,外资企业
2119,300672.SZ,300672,国科微,湖南,半导体,gkw,创业板,20170712,,
2120,300673.SZ,300673,佩蒂股份,浙江,饲料,pdgf,创业板,20170711,陈振标,民营企业
2121,300674.SZ,300674,宇信科技,北京,软件服务,yxkj,创业板,20181107,,
2122,300675.SZ,300675,建科院,深圳,建筑工程,jky,创业板,20170719,深圳市人民政府国有资产监督管理委员会,地方国企
2123,300676.SZ,300676,华大基因,深圳,医疗保健,hdjy,创业板,20170714,,
2124,300677.SZ,300677,英科医疗,山东,医疗保健,ykyl,创业板,20170721,刘方毅,民营企业
2125,300678.SZ,300678,中科信息,四川,软件服务,zkxx,创业板,20170728,中国科学院控股有限公司,中央国企
2126,300679.SZ,300679,电连技术,深圳,元器件,dljs,创业板,20170731,,
2127,300680.SZ,300680,隆盛科技,江苏,汽车配件,lskj,创业板,20170725,,
2128,300681.SZ,300681,英搏尔,广东,汽车配件,ybe,创业板,20170725,,
2129,300682.SZ,300682,朗新集团,江苏,软件服务,lxjt,创业板,20170801,,
2130,300683.SZ,300683,海特生物,湖北,生物制药,htsw,创业板,20170808,陈亚,外资企业
2131,300684.SZ,300684,中石科技,北京,元器件,zskj,创业板,20171227,,
2132,300685.SZ,300685,艾德生物,福建,医疗保健,adsw,创业板,20170802,郑立谋,外资企业
2133,300686.SZ,300686,智动力,深圳,元器件,zdl,创业板,20170804,,
2134,300687.SZ,300687,赛意信息,广东,软件服务,syxx,创业板,20170803,,
2135,300688.SZ,300688,创业黑马,北京,文教休闲,cyhm,创业板,20170810,,
2136,300689.SZ,300689,澄天伟业,深圳,通信设备,ctwy,创业板,20170809,,
2137,300690.SZ,300690,双一科技,山东,电气设备,sykj,创业板,20170808,,
2138,300691.SZ,300691,联合光电,广东,元器件,lhgd,创业板,20170811,龚俊强,民营企业
2139,300692.SZ,300692,中环环保,安徽,环境保护,zhhb,创业板,20170821,,
2140,300693.SZ,300693,盛弘股份,深圳,电气设备,shgf,创业板,20170822,方兴,民营企业
2141,300694.SZ,300694,蠡湖股份,江苏,汽车配件,lhgf,创业板,20181015,泉州市人民政府国有资产监督管理委员会,地方国企
2142,300695.SZ,300695,兆丰股份,浙江,汽车配件,zfgf,创业板,20170908,,
2143,300696.SZ,300696,爱乐达,四川,航空,ald,创业板,20170822,,
2144,300697.SZ,300697,电工合金,江苏,铜,dghj,创业板,20170907,,
2145,300698.SZ,300698,万马科技,浙江,通信设备,wmkj,创业板,20170831,,
2146,300699.SZ,300699,光威复材,山东,化纤,gwfc,创业板,20170901,陈亮,民营企业
2147,300700.SZ,300700,岱勒新材,湖南,矿物制品,dlxc,创业板,20170912,段志明,民营企业
2148,300701.SZ,300701,森霸传感,河南,元器件,sbcg,创业板,20170915,,
2149,300702.SZ,300702,天宇股份,浙江,化学制药,tygf,创业板,20170919,,
2150,300703.SZ,300703,创源股份,浙江,文教休闲,cygf,创业板,20170919,宁波市人民政府国有资产监督管理委员会,地方国企
2151,300705.SZ,300705,九典制药,湖南,化学制药,jdzy,创业板,20171010,,
2152,300706.SZ,300706,阿石创,福建,元器件,asc,创业板,20170926,,
2153,300707.SZ,300707,威唐工业,江苏,汽车配件,wtgy,创业板,20171010,张锡亮,民营企业
2154,300708.SZ,300708,聚灿光电,江苏,半导体,jcgd,创业板,20171016,,
2155,300709.SZ,300709,精研科技,江苏,元器件,jykj,创业板,20171019,,
2156,300710.SZ,300710,万隆光电,浙江,通信设备,wlgd,创业板,20171019,雷骞国,民营企业
2157,300711.SZ,300711,广哈通信,广东,通信设备,ghtx,创业板,20171101,,
2158,300712.SZ,300712,永福股份,福建,建筑工程,yfgf,创业板,20171031,林一文,民营企业
2159,300713.SZ,300713,英可瑞,深圳,电气设备,ykr,创业板,20171101,,
2160,300715.SZ,300715,凯伦股份,江苏,其他建材,klgf,创业板,20171026,钱林弟,民营企业
2161,300716.SZ,300716,泉为科技,广东,塑料,qwkj,创业板,20171109,邵鉴棠,外资企业
2162,300717.SZ,300717,华信新材,江苏,塑料,hxxc,创业板,20171106,,
2163,300718.SZ,300718,长盛轴承,浙江,机械基件,cszc,创业板,20171106,,
2164,300719.SZ,300719,安达维尔,北京,航空,adwe,创业板,20171109,,
2165,300720.SZ,300720,海川智能,广东,电器仪表,hczn,创业板,20171106,,
2166,300721.SZ,300721,怡达股份,江苏,化工原料,ydgf,创业板,20171115,,
2167,300722.SZ,300722,新余国科,江西,航空,xygk,创业板,20171110,江西省国有资产监督管理委员会,地方国企
2168,300723.SZ,300723,一品红,广东,化学制药,yph,创业板,20171116,,
2169,300724.SZ,300724,捷佳伟创,深圳,专用机械,jjwc,创业板,20180810,余仲,民营企业
2170,300725.SZ,300725,药石科技,江苏,化学制药,yskj,创业板,20171110,,
2171,300726.SZ,300726,宏达电子,湖南,元器件,hddz,创业板,20171121,,
2172,300727.SZ,300727,润禾材料,浙江,化工原料,rhcl,创业板,20171127,,
2173,300729.SZ,300729,乐歌股份,浙江,家居用品,lggf,创业板,20171201,,
2174,300730.SZ,300730,科创信息,湖南,软件服务,kcxx,创业板,20171205,无实际控制人,无
2175,300731.SZ,300731,科创新源,深圳,橡胶,kcxy,创业板,20171208,周东,民营企业
2176,300732.SZ,300732,设研院,河南,建筑工程,syy,创业板,20171212,,
2177,300733.SZ,300733,西菱动力,四川,汽车配件,xldl,创业板,20180116,,
2178,300735.SZ,300735,光弘科技,广东,元器件,ghkj,创业板,20171229,,
2179,300736.SZ,300736,百邦科技,北京,通信设备,bbkj,创业板,20180109,,
2180,300737.SZ,300737,科顺股份,广东,其他建材,ksgf,创业板,20180125,陈伟忠,民营企业
2181,300738.SZ,300738,奥飞数据,广东,软件服务,afsj,创业板,20180119,,
2182,300739.SZ,300739,明阳电路,深圳,元器件,mydl,创业板,20180201,,
2183,300740.SZ,300740,水羊股份,湖南,日用化工,sygf,创业板,20180208,戴跃锋,民营企业
2184,300741.SZ,300741,华宝股份,西藏,食品,hbgf,创业板,20180301,,
2185,300743.SZ,300743,天地数码,浙江,IT设备,tdsm,创业板,20180427,韩琼,民营企业
2186,300745.SZ,300745,欣锐科技,深圳,汽车配件,xrkj,创业板,20180523,,
2187,300746.SZ,300746,汉嘉设计,浙江,建筑工程,hjsj,创业板,20180525,岑政平,外资企业
2188,300747.SZ,300747,锐科激光,湖北,专用机械,rkjg,创业板,20180625,,
2189,300748.SZ,300748,金力永磁,江西,矿物制品,jlyc,创业板,20180921,,
2190,300749.SZ,300749,顶固集创,广东,家居用品,dgjc,创业板,20180925,,
2191,300750.SZ,300750,宁德时代,福建,电气设备,ndsd,创业板,20180611,,
2192,300751.SZ,300751,迈为股份,江苏,专用机械,mwgf,创业板,20181109,,
2193,300752.SZ,300752,隆利科技,深圳,元器件,llkj,创业板,20181130,,
2194,300753.SZ,300753,爱朋医疗,江苏,医疗保健,apyl,创业板,20181213,,
2195,300755.SZ,300755,华致酒行,云南,其他商业,hzjh,创业板,20190129,,
2196,300756.SZ,300756,金马游乐,广东,旅游服务,jmyl,创业板,20181228,邓志毅,民营企业
2197,300757.SZ,300757,罗博特科,江苏,专用机械,lbtk,创业板,20190108,戴军,民营企业
2198,300758.SZ,300758,七彩化学,辽宁,染料涂料,qchx,创业板,20190222,,
2199,300759.SZ,300759,康龙化成,北京,化学制药,klhc,创业板,20190128,Boliang Lou,外资企业
2200,300760.SZ,300760,迈瑞医疗,深圳,医疗保健,mryl,创业板,20181016,,
2201,300761.SZ,300761,立华股份,江苏,农业综合,lhgf,创业板,20190218,,
2202,300762.SZ,300762,上海瀚讯,上海,通信设备,shhx,创业板,20190314,,
2203,300763.SZ,300763,锦浪科技,浙江,电气设备,jlkj,创业板,20190319,,
2204,300765.SZ,300765,新诺威,河北,食品,xnw,创业板,20190322,,
2205,300766.SZ,300766,每日互动,浙江,互联网,mrhd,创业板,20190325,方毅,民营企业
2206,300767.SZ,300767,震安科技,云南,橡胶,zakj,创业板,20190329,,
2207,300768.SZ,300768,迪普科技,浙江,软件服务,dpkj,创业板,20190412,,
2208,300769.SZ,300769,德方纳米,深圳,化工原料,dfnm,创业板,20190415,吉学文,民营企业
2209,300770.SZ,300770,新媒股份,广东,影视音像,xmgf,创业板,20190419,,
2210,300771.SZ,300771,智莱科技,深圳,IT设备,zlkj,创业板,20190422,,
2211,300772.SZ,300772,运达股份,浙江,电气设备,ydgf,创业板,20190426,,
2212,300773.SZ,300773,拉卡拉,北京,软件服务,lkl,创业板,20190425,,
2213,300774.SZ,300774,倍杰特,北京,环境保护,bjt,创业板,20210804,权秋红,民营企业
2214,300775.SZ,300775,三角防务,陕西,航空,sjfw,创业板,20190521,,
2215,300776.SZ,300776,帝尔激光,湖北,专用机械,dejg,创业板,20190517,,
2216,300777.SZ,300777,中简科技,江苏,化纤,zjkj,创业板,20190516,,
2217,300778.SZ,300778,新城市,深圳,建筑工程,xcs,创业板,20190510,,
2218,300779.SZ,300779,惠城环保,山东,环境保护,hchb,创业板,20190522,,
2219,300780.SZ,300780,德恩精工,四川,机械基件,dejg,创业板,20190531,,
2220,300781.SZ,300781,因赛集团,广东,广告包装,ysjt,创业板,20190606,王建朝,民营企业
2221,300782.SZ,300782,卓胜微,江苏,半导体,zsw,创业板,20190618,Chenhui Feng(冯晨晖),外资企业
2222,300783.SZ,300783,三只松鼠,安徽,食品,szss,创业板,20190712,,
2223,300784.SZ,300784,利安科技,浙江,塑料,lakj,创业板,20240607,李士峰,民营企业
2224,300785.SZ,300785,值得买,北京,互联网,zdm,创业板,20190715,,
2225,300786.SZ,300786,国林科技,山东,环境保护,glkj,创业板,20190723,,
2226,300787.SZ,300787,海能实业,江西,元器件,hnsy,创业板,20190815,周洪亮,民营企业
2227,300788.SZ,300788,中信出版,北京,出版业,zxcb,创业板,20190705,,
2228,300789.SZ,300789,唐源电气,四川,运输设备,tydq,创业板,20190828,,
2229,300790.SZ,300790,宇瞳光学,广东,元器件,ytgx,创业板,20190920,无实际控制人,无
2230,300791.SZ,300791,仙乐健康,广东,医疗保健,xljk,创业板,20190925,,
2231,300792.SZ,300792,壹网壹创,浙江,互联网,ywyc,创业板,20190927,,
2232,300793.SZ,300793,佳禾智能,广东,IT设备,jhzn,创业板,20191018,,
2233,300795.SZ,300795,米奥会展,浙江,文教休闲,mahz,创业板,20191022,无实际控制人,无
2234,300796.SZ,300796,贝斯美,浙江,农药化肥,bsm,创业板,20191115,,
2235,300797.SZ,300797,钢研纳克,北京,电器仪表,gynk,创业板,20191101,,
2236,300798.SZ,300798,锦鸡股份,江苏,染料涂料,jjgf,创业板,20191122,无实际控制人,无
2237,300800.SZ,300800,力合科技,湖南,环境保护,lhkj,创业板,20191106,,
2238,300801.SZ,300801,泰和科技,山东,化工原料,thkj,创业板,20191128,,
2239,300802.SZ,300802,矩子科技,上海,专用机械,jzkj,创业板,20191114,,
2240,300803.SZ,300803,指南针,北京,软件服务,znz,创业板,20191118,,
2241,300804.SZ,300804,广康生化,广东,农药化肥,gksh,创业板,20230627,蔡丹群,民营企业
2242,300805.SZ,300805,电声股份,广东,广告包装,dsgf,创业板,20191121,,
2243,300806.SZ,300806,斯迪克,江苏,塑料,sdk,创业板,20191125,,
2244,300807.SZ,300807,天迈科技,河南,软件服务,tmkj,创业板,20191219,郭建国,民营企业
2245,300808.SZ,300808,久量股份,广东,家用电器,jlgf,创业板,20191129,,
2246,300809.SZ,300809,华辰装备,江苏,机床制造,hczb,创业板,20191204,,
2247,300810.SZ,300810,中科海讯,北京,船舶,zkhx,创业板,20191206,,
2248,300811.SZ,300811,铂科新材,深圳,矿物制品,bkxc,创业板,20191230,,
2249,300812.SZ,300812,易天股份,深圳,专用机械,ytgf,创业板,20200109,高军鹏,民营企业
2250,300813.SZ,300813,泰林生物,浙江,医疗保健,tlsw,创业板,20200114,,
2251,300814.SZ,300814,中富电路,深圳,元器件,zfdl,创业板,20210812,王昌民,民营企业
2252,300815.SZ,300815,玉禾田,安徽,环境保护,yht,创业板,20200123,周平,民营企业
2253,300816.SZ,300816,艾可蓝,安徽,汽车配件,akl,创业板,20200210,,
2254,300817.SZ,300817,双飞集团,浙江,机械基件,sfjt,创业板,20200218,周引春,民营企业
2255,300818.SZ,300818,耐普矿机,江西,专用机械,npkj,创业板,20200212,郑昊,民营企业
2256,300819.SZ,300819,聚杰微纤,江苏,纺织,jjwx,创业板,20200312,,
2257,300820.SZ,300820,英杰电气,四川,电气设备,yjdq,创业板,20200213,,
2258,300821.SZ,300821,东岳硅材,山东,化工原料,dygc,创业板,20200312,傅军,民营企业
2259,300822.SZ,300822,贝仕达克,深圳,元器件,bsdk,创业板,20200313,肖萍,民营企业
2260,300823.SZ,300823,建科智能,天津,专用机械,jkzn,创业板,20200319,陈振东,民营企业
2261,300824.SZ,300824,北鼎股份,深圳,家用电器,bdgf,创业板,20200619,GEORGE MOHAN ZHANG,外资企业
2262,300825.SZ,300825,阿尔特,北京,汽车服务,aet,创业板,20200327,,
2263,300826.SZ,300826,测绘股份,江苏,建筑工程,chgf,创业板,20200403,,
2264,300827.SZ,300827,上能电气,江苏,电气设备,sndq,创业板,20200410,,
2265,300828.SZ,300828,锐新科技,天津,机械基件,rxkj,创业板,20200421,国占昌,民营企业
2266,300829.SZ,300829,金丹科技,河南,食品,jdkj,创业板,20200422,张鹏,民营企业
2267,300830.SZ,300830,金现代,山东,软件服务,jxd,创业板,20200506,黎峰,民营企业
2268,300831.SZ,300831,派瑞股份,陕西,半导体,prgf,创业板,20200507,,
2269,300832.SZ,300832,新产业,深圳,医疗保健,xcy,创业板,20200512,,
2270,300833.SZ,300833,浩洋股份,广东,专用机械,hygf,创业板,20200520,蒋伟楷,民营企业
2271,300834.SZ,300834,星辉环材,广东,化工原料,xhhc,创业板,20220113,陈雁升,民营企业
2272,300835.SZ,300835,龙磁科技,安徽,矿物制品,lckj,创业板,20200525,,
2273,300836.SZ,300836,佰奥智能,江苏,专用机械,bazn,创业板,20200528,肖朝蓬,民营企业
2274,300837.SZ,300837,浙矿股份,浙江,专用机械,zkgf,创业板,20200605,陈利华,民营企业
2275,300838.SZ,300838,浙江力诺,浙江,机械基件,zjln,创业板,20200608,陈晓宇,民营企业
2276,300839.SZ,300839,博汇股份,浙江,石油加工,bhgf,创业板,20200630,金碧华,民营企业
2277,300840.SZ,300840,酷特智能,山东,服饰,ktzn,创业板,20200708,,
2278,300841.SZ,300841,康华生物,四川,生物制药,khsw,创业板,20200616,,
2279,300842.SZ,300842,帝科股份,江苏,电气设备,dkgf,创业板,20200618,史卫利,民营企业
2280,300843.SZ,300843,胜蓝股份,广东,元器件,slgf,创业板,20200702,,
2281,300844.SZ,300844,山水比德,广东,建筑工程,ssbd,创业板,20210813,孙虎,民营企业
2282,300845.SZ,300845,捷安高科,河南,软件服务,jagk,创业板,20200703,郑乐观,民营企业
2283,300846.SZ,300846,首都在线,北京,软件服务,sdzx,创业板,20200701,曲宁,民营企业
2284,300847.SZ,300847,中船汉光,河北,化工原料,zchg,创业板,20200709,中国船舶重工集团有限公司,中央国企
2285,300848.SZ,300848,美瑞新材,山东,化工原料,mrxc,创业板,20200720,,
2286,300849.SZ,300849,锦盛新材,浙江,塑料,jsxc,创业板,20200710,阮荣涛,民营企业
2287,300850.SZ,300850,新强联,河南,机械基件,xql,创业板,20200713,,
2288,300851.SZ,300851,交大思诺,北京,运输设备,jdsn,创业板,20200717,李伟,民营企业
2289,300852.SZ,300852,四会富仕,广东,元器件,shfs,创业板,20200713,刘天明,民营企业
2290,300853.SZ,300853,申昊科技,浙江,专用机械,shkj,创业板,20200724,陈如申,民营企业
2291,300854.SZ,300854,中兰环保,深圳,环境保护,zlhb,创业板,20210916,葛芳,民营企业
2292,300855.SZ,300855,图南股份,江苏,小金属,tngf,创业板,20200723,万柏方,民营企业
2293,300856.SZ,300856,科思股份,江苏,日用化工,ksgf,创业板,20200722,,
2294,300857.SZ,300857,协创数据,深圳,IT设备,xcsj,创业板,20200727,,
2295,300858.SZ,300858,科拓生物,北京,食品,ktsw,创业板,20200727,孙天松,民营企业
2296,300859.SZ,300859,西域旅游,新疆,旅游服务,xyly,创业板,20200806,阜康市财政局,地方国企
2297,300860.SZ,300860,锋尚文化,北京,文教休闲,fswh,创业板,20200824,沙晓岚,民营企业
2298,300861.SZ,300861,美畅股份,陕西,矿物制品,mcgf,创业板,20200824,,
2299,300862.SZ,300862,蓝盾光电,安徽,电器仪表,ldgd,创业板,20200824,袁永刚,民营企业
2300,300863.SZ,300863,卡倍亿,浙江,汽车配件,kby,创业板,20200824,林光耀,民营企业
2301,300864.SZ,300864,南大环境,江苏,环境保护,ndhj,创业板,20200824,南京大学,校办企业
2302,300865.SZ,300865,大宏立,四川,专用机械,dhl,创业板,20200824,,
2303,300866.SZ,300866,安克创新,湖南,元器件,akcx,创业板,20200824,阳萌,民营企业
2304,300867.SZ,300867,圣元环保,福建,环境保护,syhb,创业板,20200824,朱煜煊,民营企业
2305,300868.SZ,300868,杰美特,深圳,元器件,jmt,创业板,20200824,,
2306,300869.SZ,300869,康泰医学,河北,医疗保健,ktyx,创业板,20200824,,
2307,300870.SZ,300870,欧陆通,深圳,电气设备,olt,创业板,20200824,王合球,民营企业
2308,300871.SZ,300871,回盛生物,湖北,农业综合,hssw,创业板,20200824,张卫元,民营企业
2309,300872.SZ,300872,天阳科技,西藏,软件服务,tykj,创业板,20200824,欧阳建平,民营企业
2310,300873.SZ,300873,海晨股份,江苏,仓储物流,hcgf,创业板,20200824,梁晨,民营企业
2311,300875.SZ,300875,捷强装备,天津,专用机械,jqzb,创业板,20200824,潘峰,民营企业
2312,300876.SZ,300876,蒙泰高新,广东,化纤,mtgx,创业板,20200824,郭清海,民营企业
2313,300877.SZ,300877,金春股份,安徽,纺织,jcgf,创业板,20200824,杨迎春,民营企业
2314,300878.SZ,300878,维康药业,浙江,中成药,wkyy,创业板,20200824,刘忠良,民营企业
2315,300879.SZ,300879,大叶股份,浙江,农用机械,dygf,创业板,20200901,叶晓波,民营企业
2316,300880.SZ,300880,迦南智能,浙江,电器仪表,jnzn,创业板,20200901,章国耀,民营企业
2317,300881.SZ,300881,盛德鑫泰,江苏,钢加工,sdxt,创业板,20200901,周文庆,民营企业
2318,300882.SZ,300882,万胜智能,浙江,电器仪表,wszn,创业板,20200910,邬永强,民营企业
2319,300883.SZ,300883,龙利得,安徽,造纸,lld,创业板,20200910,徐龙平,民营企业
2320,300884.SZ,300884,狄耐克,福建,IT设备,dnk,创业板,20201112,缪国栋,民营企业
2321,300885.SZ,300885,海昌新材,江苏,机械基件,hcxc,创业板,20200910,周光荣,民营企业
2322,300886.SZ,300886,华业香料,安徽,化工原料,hyxl,创业板,20200916,,
2323,300887.SZ,300887,谱尼测试,北京,电器仪表,pncs,创业板,20200916,宋薇,民营企业
2324,300888.SZ,300888,稳健医疗,深圳,医疗保健,wjyl,创业板,20200917,李建全,民营企业
2325,300889.SZ,300889,爱克股份,深圳,电气设备,akgf,创业板,20200916,谢明武,民营企业
2326,300890.SZ,300890,翔丰华,上海,电气设备,xfh,创业板,20200917,,
2327,300891.SZ,300891,惠云钛业,广东,化工原料,hyty,创业板,20200917,钟镇光,民营企业
2328,300892.SZ,300892,品渥食品,上海,乳制品,pwsp,创业板,20200924,,
2329,300893.SZ,300893,松原股份,浙江,汽车配件,sygf,创业板,20200924,胡铲明,民营企业
2330,300894.SZ,300894,火星人,浙江,家用电器,hxr,创业板,20201231,黄卫斌,民营企业
2331,300895.SZ,300895,铜牛信息,北京,软件服务,tnxx,创业板,20200924,北京市人民政府国有资产监督管理委员会,地方国企
2332,300896.SZ,300896,爱美客,北京,医疗保健,amk,创业板,20200928,,
2333,300897.SZ,300897,山科智能,浙江,电器仪表,skzn,创业板,20200928,钱炳炯,民营企业
2334,300898.SZ,300898,熊猫乳品,浙江,乳制品,xmrp,创业板,20201016,,
2335,300899.SZ,300899,上海凯鑫,上海,环境保护,shkx,创业板,20201016,葛文越,民营企业
2336,300900.SZ,300900,广联航空,黑龙江,航空,glhk,创业板,20201029,王增夺,民营企业
2337,300901.SZ,300901,中胤时尚,浙江,服饰,zyss,创业板,20201029,倪秀华,民营企业
2338,300902.SZ,300902,国安达,福建,专用机械,gad,创业板,20201029,洪伟艺,民营企业
2339,300903.SZ,300903,科翔股份,广东,元器件,kxgf,创业板,20201105,郑晓蓉,民营企业
2340,300904.SZ,300904,威力传动,宁夏,电气设备,wlcd,创业板,20230809,李阿波,民营企业
2341,300905.SZ,300905,宝丽迪,江苏,染料涂料,bld,创业板,20201105,徐毅明,民营企业
2342,300906.SZ,300906,日月明,江西,运输设备,rym,创业板,20201105,陶捷,民营企业
2343,300907.SZ,300907,康平科技,江苏,电气设备,kpkj,创业板,20201118,江建平,民营企业
2344,300908.SZ,300908,仲景食品,河南,食品,zjsp,创业板,20201123,孙耀志,民营企业
2345,300909.SZ,300909,汇创达,深圳,元器件,hcd,创业板,20201118,李明,民营企业
2346,300910.SZ,300910,瑞丰新材,河南,化工原料,rfxc,创业板,20201127,郭春萱,民营企业
2347,300911.SZ,300911,亿田智能,浙江,家用电器,ytzn,创业板,20201203,孙伟勇,民营企业
2348,300912.SZ,300912,凯龙高科,江苏,汽车配件,klgk,创业板,20201207,臧志成,民营企业
2349,300913.SZ,300913,兆龙互连,浙江,通信设备,zlhl,创业板,20201207,姚金龙,民营企业
2350,300915.SZ,300915,海融科技,上海,乳制品,hrkj,创业板,20201202,黄海瑚,民营企业
2351,300916.SZ,300916,朗特智能,深圳,元器件,ltzn,创业板,20201202,欧阳正良,民营企业
2352,300917.SZ,300917,特发服务,深圳,房产服务,tffw,创业板,20201221,深圳市人民政府国有资产监督管理委员会,地方国企
2353,300918.SZ,300918,南山智尚,山东,纺织,nszs,创业板,20201222,龙口市东江街道南山村村民委员会,民营企业
2354,300919.SZ,300919,中伟股份,贵州,电气设备,zwgf,创业板,20201223,邓伟明,民营企业
2355,300920.SZ,300920,润阳科技,浙江,塑料,rykj,创业板,20201225,杨庆锋,民营企业
2356,300921.SZ,300921,南凌科技,深圳,互联网,nlkj,创业板,20201222,陈树林,民营企业
2357,300922.SZ,300922,天秦装备,河北,专用机械,tqzb,创业板,20201225,宋金锁,民营企业
2358,300923.SZ,300923,研奥股份,吉林,运输设备,yagf,创业板,20201224,李彪,民营企业
2359,300925.SZ,300925,法本信息,深圳,软件服务,fbxx,创业板,20201230,严华,民营企业
2360,300926.SZ,300926,博俊科技,江苏,汽车配件,bjkj,创业板,20210107,伍亚林,民营企业
2361,300927.SZ,300927,江天化学,江苏,化工原料,jthx,创业板,20210107,江苏省南通市人民政府国有资产监督管理委员会,地方国企
2362,300928.SZ,300928,华安鑫创,北京,汽车配件,haxc,创业板,20210106,何攀,民营企业
2363,300929.SZ,300929,华骐环保,安徽,环境保护,hqhb,创业板,20210120,安徽工业大学,校办企业
2364,300930.SZ,300930,屹通新材,浙江,小金属,ytxc,创业板,20210121,汪志荣,民营企业
2365,300931.SZ,300931,通用电梯,江苏,运输设备,tydt,创业板,20210121,徐志明,民营企业
2366,300932.SZ,300932,三友联众,广东,电气设备,sylz,创业板,20210122,宋朝阳,民营企业
2367,300933.SZ,300933,中辰股份,江苏,电气设备,zcgf,创业板,20210122,杜南平,民营企业
2368,300935.SZ,300935,盈建科,北京,软件服务,yjk,创业板,20210120,陈岱林,民营企业
2369,300936.SZ,300936,中英科技,江苏,元器件,zykj,创业板,20210126,俞卫忠,民营企业
2370,300937.SZ,300937,药易购,四川,医药商业,yyg,创业板,20210127,李燕飞,民营企业
2371,300938.SZ,300938,信测标准,深圳,电器仪表,xcbz,创业板,20210127,吕杰中,民营企业
2372,300939.SZ,300939,秋田微,深圳,元器件,qtw,创业板,20210128,黄志毅,民营企业
2373,300940.SZ,300940,南极光,深圳,元器件,njg,创业板,20210203,姜发明,民营企业
2374,300941.SZ,300941,创识科技,福建,IT设备,cskj,创业板,20210209,张更生,民营企业
2375,300942.SZ,300942,易瑞生物,深圳,医疗保健,yrsw,创业板,20210209,朱海,民营企业
2376,300943.SZ,300943,春晖智控,浙江,机械基件,chzk,创业板,20210210,杨广宇,民营企业
2377,300945.SZ,300945,曼卡龙,浙江,服饰,mkl,创业板,20210210,孙松鹤,民营企业
2378,300946.SZ,300946,恒而达,福建,机械基件,hed,创业板,20210208,林正华,民营企业
2379,300947.SZ,300947,德必集团,上海,房产服务,dbjt,创业板,20210210,贾波,民营企业
2380,300948.SZ,300948,冠中生态,山东,环境保护,gzst,创业板,20210225,李春林,民营企业
2381,300949.SZ,300949,奥雅股份,深圳,建筑工程,aygf,创业板,20210226,李宝章,民营企业
2382,300950.SZ,300950,德固特,山东,专用机械,dgt,创业板,20210303,魏振文,民营企业
2383,300951.SZ,300951,博硕科技,深圳,元器件,bskj,创业板,20210226,徐思通,民营企业
2384,300952.SZ,300952,恒辉安防,江苏,纺织,hhaf,创业板,20210311,王咸华,民营企业
2385,300953.SZ,300953,震裕科技,浙江,电气设备,zykj,创业板,20210318,蒋震林,民营企业
2386,300955.SZ,300955,嘉亨家化,福建,日用化工,jhjh,创业板,20210324,曾本生,外资企业
2387,300956.SZ,300956,英力股份,安徽,元器件,ylgf,创业板,20210326,戴明,民营企业
2388,300957.SZ,300957,贝泰妮,云南,日用化工,btn,创业板,20210325,GUO ZHENYU,外资企业
2389,300958.SZ,300958,建工修复,北京,环境保护,jgxf,创业板,20210329,北京市人民政府国有资产监督管理委员会,地方国企
2390,300959.SZ,300959,线上线下,江苏,电信运营,xsxx,创业板,20210322,汪坤,民营企业
2391,300960.SZ,300960,通业科技,深圳,运输设备,tykj,创业板,20210329,,
2392,300961.SZ,300961,深水海纳,深圳,环境保护,sshn,创业板,20210330,李海波,民营企业
2393,300962.SZ,300962,中金辐照,深圳,医疗保健,zjfz,创业板,20210409,,
2394,300963.SZ,300963,中洲特材,上海,小金属,zztc,创业板,20210409,冯明明,民营企业
2395,300964.SZ,300964,本川智能,江苏,元器件,bczn,创业板,20210805,董晓俊,民营企业
2396,300965.SZ,300965,*ST恒宇,北京,航空,sthy,创业板,20210402,饶红松,民营企业
2397,300966.SZ,300966,共同药业,湖北,化学制药,gtyy,创业板,20210409,系祖斌,民营企业
2398,300967.SZ,300967,晓鸣股份,宁夏,农业综合,xmgf,创业板,20210413,,
2399,300968.SZ,300968,格林精密,广东,元器件,gljm,创业板,20210415,吴宝玉,民营企业
2400,300969.SZ,300969,恒帅股份,浙江,汽车配件,hsgf,创业板,20210412,许宁宁,民营企业
2401,300970.SZ,300970,华绿生物,江苏,种植业,hlsw,创业板,20210412,余养朝,民营企业
2402,300971.SZ,300971,博亚精工,湖北,机械基件,byjg,创业板,20210415,李文喜,民营企业
2403,300972.SZ,300972,万辰集团,福建,种植业,wcjt,创业板,20210419,王泽宁,民营企业
2404,300973.SZ,300973,立高食品,广东,食品,lgsp,创业板,20210415,彭裕辉,民营企业
2405,300975.SZ,300975,商络电子,江苏,元器件,sldz,创业板,20210421,沙宏志,民营企业
2406,300976.SZ,300976,达瑞电子,广东,元器件,drdz,创业板,20210419,李清平,民营企业
2407,300977.SZ,300977,深圳瑞捷,深圳,建筑工程,szrj,创业板,20210420,黄新华,民营企业
2408,300978.SZ,300978,东箭科技,广东,汽车配件,djkj,创业板,20210426,,
2409,300979.SZ,300979,华利集团,广东,服饰,hljt,创业板,20210426,张聪渊,外资企业
2410,300980.SZ,300980,祥源新材,湖北,塑料,xyxc,创业板,20210421,魏志祥,民营企业
2411,300981.SZ,300981,中红医疗,河北,医疗保健,zhyl,创业板,20210427,厦门市人民政府国有资产监督管理委员会,地方国企
2412,300982.SZ,300982,苏文电能,江苏,建筑工程,swdn,创业板,20210427,施小波,民营企业
2413,300983.SZ,300983,尤安设计,上海,建筑工程,yasj,创业板,20210420,陈磊,民营企业
2414,300984.SZ,300984,金沃股份,浙江,机械基件,jwgf,创业板,20210618,郑立成,民营企业
2415,300985.SZ,300985,致远新能,吉林,汽车配件,zyxn,创业板,20210429,张远,民营企业
2416,300986.SZ,300986,志特新材,江西,建筑工程,ztxc,创业板,20210430,高渭泉,民营企业
2417,300987.SZ,300987,川网传媒,四川,互联网,cwcm,创业板,20210511,中国共产党四川省委员会宣传部,地方国企
2418,300988.SZ,300988,津荣天宇,天津,机械基件,jrty,创业板,20210512,孙兴文,民营企业
2419,300989.SZ,300989,蕾奥规划,深圳,建筑工程,lagh,创业板,20210507,王富海,民营企业
2420,300990.SZ,300990,同飞股份,河北,专用机械,tfgf,创业板,20210512,张国山,民营企业
2421,300991.SZ,300991,创益通,深圳,元器件,cyt,创业板,20210520,张建明,民营企业
2422,300992.SZ,300992,泰福泵业,浙江,机械基件,tfby,创业板,20210525,陈宜文,民营企业
2423,300993.SZ,300993,玉马遮阳,山东,家居用品,ymzy,创业板,20210524,孙承志,民营企业
2424,300994.SZ,300994,久祺股份,浙江,文教休闲,jqgf,创业板,20210812,李政,民营企业
2425,300995.SZ,300995,奇德新材,广东,塑料,qdxc,创业板,20210526,饶德生,民营企业
2426,300996.SZ,300996,普联软件,山东,软件服务,plrj,创业板,20210603,蔺国强,民营企业
2427,300997.SZ,300997,欢乐家,广东,软饮料,hlj,创业板,20210602,李兴,民营企业
2428,300998.SZ,300998,宁波方正,浙江,专用机械,nbfz,创业板,20210602,方永杰,民营企业
2429,300999.SZ,300999,金龙鱼,上海,食品,jly,创业板,20201015,无实际控制人,无
2430,301000.SZ,301000,肇民科技,上海,汽车配件,zmkj,创业板,20210528,邵雄辉,民营企业
2431,301001.SZ,301001,凯淳股份,上海,互联网,kcgf,创业板,20210528,王莉,民营企业
2432,301002.SZ,301002,崧盛股份,深圳,电气设备,ssgf,创业板,20210607,田年斌,民营企业
2433,301003.SZ,301003,江苏博云,江苏,塑料,jsby,创业板,20210601,吕锋,民营企业
2434,301004.SZ,301004,嘉益股份,浙江,家居用品,jygf,创业板,20210625,戚兴华,民营企业
2435,301005.SZ,301005,超捷股份,上海,汽车配件,cjgf,创业板,20210601,宋广东,民营企业
2436,301006.SZ,301006,迈拓股份,江苏,电器仪表,mtgf,创业板,20210607,孙卫国,民营企业
2437,301007.SZ,301007,德迈仕,辽宁,汽车配件,dms,创业板,20210616,何建平,民营企业
2438,301008.SZ,301008,宏昌科技,浙江,家用电器,hckj,创业板,20210611,陆宝宏,民营企业
2439,301009.SZ,301009,可靠股份,浙江,造纸,kkgf,创业板,20210617,金利伟,民营企业
2440,301010.SZ,301010,晶雪节能,江苏,其他建材,jxjn,创业板,20210618,贾富忠,民营企业
2441,301011.SZ,301011,华立科技,广东,文教休闲,hlkj,创业板,20210617,苏本立,外资企业
2442,301012.SZ,301012,扬电科技,江苏,电气设备,ydkj,创业板,20210622,程俊明,民营企业
2443,301013.SZ,301013,利和兴,深圳,专用机械,lhx,创业板,20210629,林宜潘,民营企业
2444,301015.SZ,301015,百洋医药,山东,医药商业,byyy,创业板,20210630,,
2445,301016.SZ,301016,雷尔伟,江苏,运输设备,lew,创业板,20210630,刘俊,民营企业
2446,301017.SZ,301017,漱玉平民,山东,医药商业,sypm,创业板,20210705,,
2447,301018.SZ,301018,申菱环境,广东,专用机械,slhj,创业板,20210707,崔颖琦,民营企业
2448,301019.SZ,301019,宁波色母,浙江,塑料,nbsm,创业板,20210628,任卫庆,民营企业
2449,301020.SZ,301020,密封科技,山东,汽车配件,mfkj,创业板,20210706,,
2450,301021.SZ,301021,英诺激光,深圳,专用机械,ynjg,创业板,20210706,赵晓杰,外资企业
2451,301022.SZ,301022,海泰科,山东,专用机械,htk,创业板,20210702,孙文强,民营企业
2452,301023.SZ,301023,江南奕帆,江苏,电气设备,jnyf,创业板,20210707,刘锦成,民营企业
2453,301024.SZ,301024,霍普股份,上海,建筑工程,hpgf,创业板,20210728,龚俊,民营企业
2454,301025.SZ,301025,读客文化,上海,出版业,dkwh,创业板,20210719,华楠,民营企业
2455,301026.SZ,301026,浩通科技,江苏,小金属,htkj,创业板,20210716,夏军,民营企业
2456,301027.SZ,301027,华蓝集团,广西,建筑工程,hljt,创业板,20210715,雷翔,民营企业
2457,301028.SZ,301028,东亚机械,福建,专用机械,dyjx,创业板,20210720,韩萤焕,民营企业
2458,301029.SZ,301029,怡合达,广东,专用机械,yhd,创业板,20210723,金立国,民营企业
2459,301030.SZ,301030,仕净科技,江苏,环境保护,sjkj,创业板,20210722,朱叶,民营企业
2460,301031.SZ,301031,中熔电气,陕西,电气设备,zrdq,创业板,20210715,方广文,民营企业
2461,301032.SZ,301032,新柴股份,浙江,工程机械,xcgf,创业板,20210722,仇建平,民营企业
2462,301033.SZ,301033,迈普医学,广东,医疗保健,mpyx,创业板,20210726,袁玉宇,民营企业
2463,301035.SZ,301035,润丰股份,山东,农药化肥,rfgf,创业板,20210728,,
2464,301036.SZ,301036,双乐股份,江苏,染料涂料,slgf,创业板,20210729,杨汉洲,民营企业
2465,301037.SZ,301037,保立佳,上海,染料涂料,blj,创业板,20210730,杨文瑜,民营企业
2466,301038.SZ,301038,深水规院,深圳,建筑工程,ssgy,创业板,20210804,深圳市投资控股有限公司,地方国企
2467,301039.SZ,301039,中集车辆,深圳,汽车整车,zjcl,创业板,20210708,无实际控制人,无
2468,301040.SZ,301040,中环海陆,江苏,机械基件,zhhl,创业板,20210803,,
2469,301041.SZ,301041,金百泽,深圳,元器件,jbz,创业板,20210811,武守坤,民营企业
2470,301042.SZ,301042,安联锐视,广东,IT设备,alrs,创业板,20210805,徐进,民营企业
2471,301043.SZ,301043,绿岛风,广东,机械基件,ldf,创业板,20210811,李清泉,民营企业
2472,301045.SZ,301045,天禄科技,江苏,元器件,tlkj,创业板,20210813,陈凌,民营企业
2473,301046.SZ,301046,能辉科技,上海,建筑工程,nhkj,创业板,20210817,罗传奎,民营企业
2474,301047.SZ,301047,义翘神州,北京,生物制药,yqsz,创业板,20210816,谢良志,民营企业
2475,301048.SZ,301048,金鹰重工,湖北,运输设备,jyzg,创业板,20210818,中国国家铁路集团有限公司,中央国企
2476,301049.SZ,301049,超越科技,安徽,环境保护,cykj,创业板,20210824,高志江,民营企业
2477,301050.SZ,301050,雷电微力,四川,航空,ldwl,创业板,20210824,邓洁茹,民营企业
2478,301051.SZ,301051,信濠光电,深圳,元器件,xhgd,创业板,20210827,无实际控制人,无
2479,301052.SZ,301052,果麦文化,浙江,出版业,gmwh,创业板,20210830,路金波,民营企业
2480,301053.SZ,301053,远信工业,浙江,专用机械,yxgy,创业板,20210901,陈少军,民营企业
2481,301055.SZ,301055,张小泉,浙江,家居用品,zxq,创业板,20210906,张国标,民营企业
2482,301056.SZ,301056,森赫股份,浙江,运输设备,shgf,创业板,20210907,李东流,民营企业
2483,301057.SZ,301057,汇隆新材,浙江,化纤,hlxc,创业板,20210909,沈顺华,民营企业
2484,301058.SZ,301058,中粮科工,江苏,建筑工程,zlkg,创业板,20210909,中粮集团有限公司,中央国企
2485,301059.SZ,301059,金三江,广东,化工原料,jsj,创业板,20210913,赵国法,民营企业
2486,301060.SZ,301060,兰卫医学,上海,医疗保健,lwyx,创业板,20210913,曾伟雄,民营企业
2487,301061.SZ,301061,匠心家居,江苏,家居用品,jxjj,创业板,20210913,李小勤,民营企业
2488,301062.SZ,301062,上海艾录,上海,广告包装,shal,创业板,20210914,陈安康,民营企业
2489,301063.SZ,301063,海锅股份,江苏,电气设备,hggf,创业板,20210924,盛雪华,民营企业
2490,301065.SZ,301065,本立科技,浙江,化学制药,blkj,创业板,20210914,吴政杰,民营企业
2491,301066.SZ,301066,万事利,浙江,纺织,wsl,创业板,20210922,李建华,民营企业
2492,301067.SZ,301067,显盈科技,深圳,元器件,xykj,创业板,20210922,林涓,民营企业
2493,301068.SZ,301068,大地海洋,浙江,环境保护,ddhy,创业板,20210928,唐伟忠,民营企业
2494,301069.SZ,301069,凯盛新材,山东,化工原料,ksxc,创业板,20210927,张松山,民营企业
2495,301070.SZ,301070,开勒股份,上海,机械基件,klgf,创业板,20210923,卢小波,民营企业
2496,301071.SZ,301071,力量钻石,河南,矿物制品,llzs,创业板,20210924,邵增明,民营企业
2497,301072.SZ,301072,中捷精工,江苏,汽车配件,zjjg,创业板,20210929,魏忠,民营企业
2498,301073.SZ,301073,君亭酒店,浙江,酒店餐饮,jtjd,创业板,20210930,,
2499,301075.SZ,301075,多瑞医药,西藏,化学制药,dryy,创业板,20210929,邓勇,民营企业
2500,301076.SZ,301076,新瀚新材,江苏,化工原料,xhxc,创业板,20211011,,
2501,301077.SZ,301077,星华新材,浙江,化工原料,xhxc,创业板,20210930,王世杰,民营企业
2502,301078.SZ,301078,孩子王,江苏,其他商业,hzw,创业板,20211014,汪建国,民营企业
2503,301079.SZ,301079,邵阳液压,湖南,机械基件,syyy,创业板,20211019,粟武洪,民营企业
2504,301080.SZ,301080,百普赛斯,北京,生物制药,bpss,创业板,20211018,陈宜顶,民营企业
2505,301081.SZ,301081,严牌股份,浙江,环境保护,ypgf,创业板,20211020,孙尚泽,民营企业
2506,301082.SZ,301082,久盛电气,浙江,电气设备,jsdq,创业板,20211027,张建华,民营企业
2507,301083.SZ,301083,百胜智能,江西,专用机械,bszn,创业板,20211021,刘润根,民营企业
2508,301085.SZ,301085,亚康股份,北京,软件服务,ykgf,创业板,20211018,徐江,民营企业
2509,301086.SZ,301086,鸿富瀚,深圳,元器件,hfh,创业板,20211020,张定武,民营企业
2510,301087.SZ,301087,可孚医疗,湖南,医疗保健,kfyl,创业板,20211025,张敏,民营企业
2511,301088.SZ,301088,戎美股份,江苏,服饰,rmgf,创业板,20211028,郭健,民营企业
2512,301089.SZ,301089,拓新药业,河南,化学制药,txyy,创业板,20211027,杨西宁,民营企业
2513,301090.SZ,301090,华润材料,江苏,化工原料,hrcl,创业板,20211026,中国华润有限公司,中央国企
2514,301091.SZ,301091,深城交,深圳,建筑工程,scj,创业板,20211029,深圳市人民政府国有资产监督管理委员会,地方国企
2515,301092.SZ,301092,争光股份,浙江,化工原料,zggf,创业板,20211102,沈建华,民营企业
2516,301093.SZ,301093,华兰股份,江苏,医疗保健,hlgf,创业板,20211101,华国平,民营企业
2517,301095.SZ,301095,广立微,浙江,半导体,glw,创业板,20220805,郑勇军,民营企业
2518,301096.SZ,301096,百诚医药,浙江,医疗保健,bcyy,创业板,20211220,楼金芳,民营企业
2519,301097.SZ,301097,天益医疗,浙江,医疗保健,tyyl,创业板,20220407,吴志敏,民营企业
2520,301098.SZ,301098,金埔园林,江苏,建筑工程,jpyl,创业板,20211112,王宜森,民营企业
2521,301099.SZ,301099,雅创电子,上海,元器件,ycdz,创业板,20211122,谢力书,民营企业
2522,301100.SZ,301100,风光股份,辽宁,化工原料,fggf,创业板,20211217,王磊,民营企业
2523,301101.SZ,301101,明月镜片,江苏,文教休闲,myjp,创业板,20211216,谢公晚,民营企业
2524,301102.SZ,301102,兆讯传媒,天津,广告包装,zxcm,创业板,20220328,苏壮强,外资企业
2525,301103.SZ,301103,何氏眼科,辽宁,医疗保健,hsyk,创业板,20220322,何伟,民营企业
2526,301105.SZ,301105,鸿铭股份,广东,专用机械,hmgf,创业板,20221230,金健,民营企业
2527,301106.SZ,301106,骏成科技,江苏,元器件,jckj,创业板,20220128,应发祥,民营企业
2528,301107.SZ,301107,瑜欣电子,重庆,机械基件,yxdz,创业板,20220524,胡欣睿,民营企业
2529,301108.SZ,301108,洁雅股份,安徽,日用化工,jygf,创业板,20211203,蔡英传,民营企业
2530,301109.SZ,301109,军信股份,湖南,环境保护,jxgf,创业板,20220413,戴道国,民营企业
2531,301110.SZ,301110,青木科技,广东,互联网,qmkj,创业板,20220311,吕斌,民营企业
2532,301111.SZ,301111,粤万年青,广东,中成药,ywnq,创业板,20211207,欧先涛,民营企业
2533,301112.SZ,301112,信邦智能,广东,专用机械,xbzn,创业板,20220629,李罡,民营企业
2534,301113.SZ,301113,雅艺科技,浙江,家居用品,yykj,创业板,20211222,叶跃庭,民营企业
2535,301115.SZ,301115,建科股份,江苏,建筑工程,jkgf,创业板,20220831,杨江金,民营企业
2536,301116.SZ,301116,益客食品,江苏,食品,yksp,创业板,20220118,田立余,民营企业
2537,301117.SZ,301117,佳缘科技,四川,软件服务,jykj,创业板,20220117,王进,民营企业
2538,301118.SZ,301118,恒光股份,湖南,化工原料,hggf,创业板,20211118,曹立祥,民营企业
2539,301119.SZ,301119,正强股份,浙江,汽车配件,zqgf,创业板,20211122,许正庆,民营企业
2540,301120.SZ,301120,新特电气,北京,电气设备,xtdq,创业板,20220419,谭勇,民营企业
2541,301121.SZ,301121,紫建电子,重庆,电气设备,zjdz,创业板,20220808,朱传钦,民营企业
2542,301122.SZ,301122,采纳股份,江苏,医疗保健,cngf,创业板,20220126,陆军,民营企业
2543,301123.SZ,301123,奕东电子,广东,元器件,yddz,创业板,20220125,邓玉泉,民营企业
2544,301125.SZ,301125,腾亚精工,江苏,机械基件,tyjg,创业板,20220608,乐清勇,民营企业
2545,301126.SZ,301126,达嘉维康,湖南,医药商业,djwk,创业板,20211207,王毅清,民营企业
2546,301127.SZ,301127,天源环保,湖北,环境保护,tyhb,创业板,20211230,黄昭玮,民营企业
2547,301128.SZ,301128,强瑞技术,深圳,专用机械,qrjs,创业板,20211110,尹高斌,民营企业
2548,301129.SZ,301129,瑞纳智能,安徽,电器仪表,rnzn,创业板,20211102,于大永,民营企业
2549,301130.SZ,301130,西点药业,吉林,化学制药,xdyy,创业板,20220223,张俊,民营企业
2550,301131.SZ,301131,聚赛龙,广东,塑料,jsl,创业板,20220314,郝源增,民营企业
2551,301132.SZ,301132,满坤科技,江西,元器件,mkkj,创业板,20220810,洪俊城,民营企业
2552,301133.SZ,301133,金钟股份,广东,汽车配件,jzgf,创业板,20211126,辛洪萍,民营企业
2553,301135.SZ,301135,瑞德智能,广东,元器件,rdzn,创业板,20220412,汪军,民营企业
2554,301136.SZ,301136,招标股份,福建,建筑工程,zbgf,创业板,20220111,福建省人民政府国有资产监督管理委员会,地方国企
2555,301137.SZ,301137,哈焊华通,江苏,机械基件,hhht,创业板,20220322,中国机械科学研究总院集团有限公司,中央国企
2556,301138.SZ,301138,华研精机,广东,专用机械,hyjj,创业板,20211215,包贺林,民营企业
2557,301139.SZ,301139,元道通信,新疆,通信设备,ydtx,创业板,20220708,李晋,民营企业
2558,301141.SZ,301141,中科磁业,浙江,矿物制品,zkcy,创业板,20230403,吴中平,民营企业
2559,301148.SZ,301148,嘉戎技术,福建,环境保护,jrjs,创业板,20220421,蒋林煜,民营企业
2560,301149.SZ,301149,隆华新材,山东,化工原料,lhxc,创业板,20211110,韩志刚,民营企业
2561,301150.SZ,301150,中一科技,湖北,电气设备,zykj,创业板,20220421,汪汉平,民营企业
2562,301151.SZ,301151,冠龙节能,上海,机械基件,gljn,创业板,20220411,,
2563,301152.SZ,301152,天力锂能,河南,小金属,tlln,创业板,20220829,王瑞庆,民营企业
2564,301153.SZ,301153,中科江南,北京,软件服务,zkjn,创业板,20220518,广东省广州市人民政府国有资产监督管理委员会,地方国企
2565,301155.SZ,301155,海力风电,江苏,电气设备,hlfd,创业板,20211124,许世俊,民营企业
2566,301156.SZ,301156,美农生物,上海,饲料,mnsw,创业板,20220617,洪伟,民营企业
2567,301157.SZ,301157,华塑科技,浙江,电气设备,hskj,创业板,20230309,杨冬强,民营企业
2568,301158.SZ,301158,德石股份,山东,专用机械,dsgf,创业板,20220117,孙伟杰,民营企业
2569,301159.SZ,301159,三维天地,北京,软件服务,swtd,创业板,20220107,金震,民营企业
2570,301160.SZ,301160,翔楼新材,江苏,机械基件,xlxc,创业板,20220606,钱和生,民营企业
2571,301161.SZ,301161,唯万密封,上海,工程机械,wwmf,创业板,20220914,董静,民营企业
2572,301162.SZ,301162,国能日新,北京,软件服务,gnrx,创业板,20220429,雍正,民营企业
2573,301163.SZ,301163,宏德股份,江苏,电气设备,hdgf,创业板,20220419,杨金德,民营企业
2574,301165.SZ,301165,锐捷网络,福建,通信设备,rjwl,创业板,20221121,福建省人民政府国有资产监督管理委员会,地方国企
2575,301166.SZ,301166,优宁维,上海,医药商业,ynw,创业板,20211228,冷兆武,民营企业
2576,301167.SZ,301167,建研设计,安徽,建筑工程,jysj,创业板,20211206,安徽省人民政府国有资产监督管理委员会,地方国企
2577,301168.SZ,301168,通灵股份,江苏,电气设备,tlgf,创业板,20211210,严荣飞,民营企业
2578,301169.SZ,301169,零点有数,北京,文教休闲,ldys,创业板,20211103,袁岳,民营企业
2579,301170.SZ,301170,锡南科技,江苏,汽车配件,xnkj,创业板,20230627,李忠良,民营企业
2580,301171.SZ,301171,易点天下,陕西,互联网,ydtx,创业板,20220819,邹小武,民营企业
2581,301172.SZ,301172,君逸数码,四川,软件服务,jysm,创业板,20230726,曾立军,民营企业
2582,301175.SZ,301175,中科环保,北京,环境保护,zkhb,创业板,20220708,中国科学院控股有限公司,中央国企
2583,301176.SZ,301176,逸豪新材,江西,元器件,yhxc,创业板,20220928,张剑萌,民营企业
2584,301177.SZ,301177,迪阿股份,深圳,服饰,dagf,创业板,20211215,张国涛,民营企业
2585,301178.SZ,301178,天亿马,广东,软件服务,tym,创业板,20211112,林明玲,民营企业
2586,301179.SZ,301179,泽宇智能,江苏,软件服务,zyzn,创业板,20211208,张剑,民营企业
2587,301180.SZ,301180,万祥科技,江苏,元器件,wxkj,创业板,20211116,黄军,民营企业
2588,301181.SZ,301181,标榜股份,江苏,汽车配件,bbgf,创业板,20220221,赵奇,民营企业
2589,301182.SZ,301182,凯旺科技,河南,元器件,kwkj,创业板,20211223,陈海刚,民营企业
2590,301183.SZ,301183,东田微,湖北,元器件,dtw,创业板,20220524,高登华,民营企业
2591,301185.SZ,301185,鸥玛软件,山东,软件服务,omrj,创业板,20211119,山东大学,校办企业
2592,301186.SZ,301186,超达装备,江苏,专用机械,cdzb,创业板,20211223,,
2593,301187.SZ,301187,欧圣电气,江苏,家用电器,osdq,创业板,20220422,WEIDONG LU,外资企业
2594,301188.SZ,301188,力诺特玻,山东,玻璃,lntb,创业板,20211111,,
2595,301189.SZ,301189,奥尼电子,深圳,IT设备,andz,创业板,20211228,吴世杰,民营企业
2596,301190.SZ,301190,善水科技,江西,染料涂料,sskj,创业板,20211224,黄国荣,民营企业
2597,301191.SZ,301191,菲菱科思,深圳,通信设备,flks,创业板,20220526,,
2598,301192.SZ,301192,泰祥股份,湖北,汽车配件,txgf,创业板,20220811,王世斌,民营企业
2599,301193.SZ,301193,家联科技,浙江,家居用品,jlkj,创业板,20211209,王熊,民营企业
2600,301195.SZ,301195,北路智控,江苏,软件服务,blzk,创业板,20220801,于胜利,民营企业
2601,301196.SZ,301196,唯科科技,福建,专用机械,wkkj,创业板,20220111,庄辉阳,民营企业
2602,301197.SZ,301197,工大科雅,河北,软件服务,gdky,创业板,20220808,齐承英,民营企业
2603,301198.SZ,301198,喜悦智行,浙江,塑料,xyzx,创业板,20211202,罗志强,民营企业
2604,301199.SZ,301199,迈赫股份,山东,专用机械,mhgf,创业板,20211207,王金平,民营企业
2605,301200.SZ,301200,大族数控,深圳,专用机械,dzsk,创业板,20220228,高云峰,外资企业
2606,301201.SZ,301201,诚达药业,浙江,生物制药,cdyy,创业板,20220120,葛建利,民营企业
2607,301202.SZ,301202,朗威股份,江苏,机械基件,lwgf,创业板,20230705,高利擎,民营企业
2608,301203.SZ,301203,国泰环保,浙江,环境保护,gthb,创业板,20230404,陈柏校,民营企业
2609,301205.SZ,301205,联特科技,湖北,通信设备,ltkj,创业板,20220913,张健,民营企业
2610,301206.SZ,301206,三元生物,山东,食品,sysw,创业板,20220210,聂在建,民营企业
2611,301207.SZ,301207,华兰疫苗,河南,生物制药,hlym,创业板,20220218,安康,民营企业
2612,301208.SZ,301208,中亦科技,北京,软件服务,zykj,创业板,20220707,徐晓飞,民营企业
2613,301209.SZ,301209,联合化学,山东,染料涂料,lhhx,创业板,20220825,李秀梅,民营企业
2614,301210.SZ,301210,金杨股份,江苏,电气设备,jygf,创业板,20230630,杨建林,民营企业
2615,301211.SZ,301211,亨迪药业,湖北,化学制药,hdyy,创业板,20211222,刘益谦,民营企业
2616,301212.SZ,301212,联盛化学,浙江,化工原料,lshx,创业板,20220419,牟建宇,民营企业
2617,301213.SZ,301213,观想科技,四川,软件服务,gxkj,创业板,20211206,魏强,民营企业
2618,301215.SZ,301215,中汽股份,江苏,汽车服务,zqgf,创业板,20220308,国务院国有资产监督管理委员会,中央国企
2619,301216.SZ,301216,万凯新材,浙江,化工原料,wkxc,创业板,20220329,沈志刚,民营企业
2620,301217.SZ,301217,铜冠铜箔,安徽,元器件,tgtb,创业板,20220127,安徽省人民政府国有资产监督管理委员会,地方国企
2621,301218.SZ,301218,华是科技,浙江,软件服务,hskj,创业板,20220307,俞永方,民营企业
2622,301219.SZ,301219,腾远钴业,江西,小金属,tygy,创业板,20220317,罗洁,民营企业
2623,301220.SZ,301220,亚香股份,江苏,化工原料,yxgf,创业板,20220622,周军学,民营企业
2624,301221.SZ,301221,光庭信息,湖北,软件服务,gtxx,创业板,20211222,朱敦尧,民营企业
2625,301222.SZ,301222,浙江恒威,浙江,电气设备,zjhw,创业板,20220309,汪剑平,民营企业
2626,301223.SZ,301223,中荣股份,广东,广告包装,zrgf,创业板,20221026,黄焕然,民营企业
2627,301225.SZ,301225,恒勃股份,浙江,汽车配件,hbgf,创业板,20230616,周书忠,民营企业
2628,301226.SZ,301226,祥明智能,江苏,电气设备,xmzn,创业板,20220325,张敏,民营企业
2629,301227.SZ,301227,森鹰窗业,黑龙江,家居用品,sycy,创业板,20220926,边书平,民营企业
2630,301228.SZ,301228,实朴检测,上海,电器仪表,spjc,创业板,20220128,杨进,民营企业
2631,301229.SZ,301229,纽泰格,江苏,汽车配件,ntg,创业板,20220222,张义,民营企业
2632,301230.SZ,301230,泓博医药,上海,生物制药,hbyy,创业板,20221101,PING CHEN,外资企业
2633,301231.SZ,301231,荣信文化,陕西,出版业,rxwh,创业板,20220908,王艺桦,民营企业
2634,301232.SZ,301232,飞沃科技,湖南,机械基件,fwkj,创业板,20230615,张友君,民营企业
2635,301233.SZ,301233,盛帮股份,四川,汽车配件,sbgf,创业板,20220706,赖喜隆,民营企业
2636,301234.SZ,301234,五洲医疗,安徽,医疗保健,wzyl,创业板,20220705,黄凡,民营企业
2637,301235.SZ,301235,华康医疗,湖北,医疗保健,hkyl,创业板,20220128,谭平涛,民营企业
2638,301236.SZ,301236,软通动力,北京,软件服务,rtdl,创业板,20220315,刘天文,民营企业
2639,301237.SZ,301237,和顺科技,浙江,塑料,hskj,创业板,20220323,范和强,民营企业
2640,301238.SZ,301238,瑞泰新材,江苏,化工原料,rtxc,创业板,20220617,江苏国泰国际贸易有限公司,地方国企
2641,301239.SZ,301239,普瑞眼科,四川,医疗保健,pryk,创业板,20220705,徐旭阳,民营企业
2642,301246.SZ,301246,宏源药业,湖北,化学制药,hyyy,创业板,20230320,尹国平,民营企业
2643,301248.SZ,301248,杰创智能,广东,软件服务,jczn,创业板,20220420,孙超,民营企业
2644,301251.SZ,301251,威尔高,江西,元器件,weg,创业板,20230906,邓艳群,民营企业
2645,301252.SZ,301252,同星科技,浙江,机械基件,txkj,创业板,20230525,张良灿,民营企业
2646,301255.SZ,301255,通力科技,浙江,机械基件,tlkj,创业板,20221227,项献忠,民营企业
2647,301256.SZ,301256,华融化学,四川,化工原料,hrhx,创业板,20220322,刘永好,民营企业
2648,301257.SZ,301257,普蕊斯,上海,医疗保健,prs,创业板,20220517,赖春宝,民营企业
2649,301258.SZ,301258,富士莱,江苏,化学制药,fsl,创业板,20220329,钱祥云,民营企业
2650,301259.SZ,301259,艾布鲁,湖南,环境保护,abl,创业板,20220426,钟儒波,民营企业
2651,301260.SZ,301260,格力博,江苏,专用机械,glb,创业板,20230208,陈寅,民营企业
2652,301261.SZ,301261,恒工精密,河北,机械基件,hgjm,创业板,20230710,魏志勇,民营企业
2653,301262.SZ,301262,海看股份,山东,影视音像,hkgf,创业板,20230620,山东广播电视台,地方国企
2654,301263.SZ,301263,泰恩康,广东,医药商业,tek,创业板,20220329,郑汉杰,民营企业
2655,301265.SZ,301265,华新环保,北京,环境保护,hxhb,创业板,20221216,张军,民营企业
2656,301266.SZ,301266,宇邦新材,江苏,电气设备,ybxc,创业板,20220608,肖锋,民营企业
2657,301267.SZ,301267,华厦眼科,福建,医疗保健,hxyk,创业板,20221107,苏庆灿,民营企业
2658,301268.SZ,301268,铭利达,深圳,机械基件,mld,创业板,20220407,陶诚,民营企业
2659,301269.SZ,301269,华大九天,北京,半导体,hdjt,创业板,20220729,无实际控制人,无
2660,301270.SZ,301270,汉仪股份,北京,软件服务,hygf,创业板,20220831,谢立群,民营企业
2661,301272.SZ,301272,英华特,江苏,专用机械,yht,创业板,20230713,陈毅敏,民营企业
2662,301273.SZ,301273,瑞晨环保,上海,机械基件,rchb,创业板,20221025,陈万东,民营企业
2663,301276.SZ,301276,嘉曼服饰,北京,服饰,jmfs,创业板,20220909,曹胜奎,民营企业
2664,301277.SZ,301277,新天地,河南,化学制药,xtd,创业板,20221116,谢建中,民营企业
2665,301278.SZ,301278,快可电子,江苏,电气设备,kkdz,创业板,20220804,段正刚,民营企业
2666,301279.SZ,301279,金道科技,浙江,工程机械,jdkj,创业板,20220413,金言荣,民营企业
2667,301280.SZ,301280,珠城科技,浙江,元器件,zckj,创业板,20221226,张建春,民营企业
2668,301281.SZ,301281,科源制药,山东,化学制药,kyzy,创业板,20230404,高元坤,民营企业
2669,301282.SZ,301282,金禄电子,广东,元器件,jldz,创业板,20220826,李继林,民营企业
2670,301283.SZ,301283,聚胶股份,广东,日用化工,jjgf,创业板,20220902,陈曙光,民营企业
2671,301285.SZ,301285,鸿日达,江苏,元器件,hrd,创业板,20220928,王玉田,民营企业
2672,301286.SZ,301286,侨源股份,四川,化工原料,qygf,创业板,20220614,乔志涌,民营企业
2673,301287.SZ,301287,康力源,江苏,文教休闲,kly,创业板,20230614,衡墩建,民营企业
2674,301288.SZ,301288,清研环境,深圳,环境保护,qyhj,创业板,20220422,刘淑杰,民营企业
2675,301289.SZ,301289,国缆检测,上海,电器仪表,gljc,创业板,20220622,上海市国有资产监督管理委员会,地方国企
2676,301290.SZ,301290,东星医疗,江苏,医疗保健,dxyl,创业板,20221130,万世平,民营企业
2677,301291.SZ,301291,明阳电气,广东,电气设备,mydq,创业板,20230630,张传卫,民营企业
2678,301292.SZ,301292,海科新源,山东,化工原料,hkxy,创业板,20230707,杨晓宏,民营企业
2679,301293.SZ,301293,三博脑科,北京,医疗保健,sbnk,创业板,20230505,张阳,民营企业
2680,301295.SZ,301295,美硕科技,浙江,电气设备,mskj,创业板,20230628,黄晓湖,民营企业
2681,301296.SZ,301296,新巨丰,山东,广告包装,xjf,创业板,20220902,,
2682,301297.SZ,301297,富乐德,安徽,半导体,fld,创业板,20221230,无实际控制人,无
2683,301298.SZ,301298,东利机械,河北,汽车配件,dljx,创业板,20220606,王征,民营企业
2684,301299.SZ,301299,卓创资讯,山东,互联网,zczx,创业板,20221019,姜虎林,民营企业
2685,301300.SZ,301300,远翔新材,福建,化工原料,yxxc,创业板,20220819,王承辉,民营企业
2686,301301.SZ,301301,川宁生物,新疆,化学制药,cnsw,创业板,20221227,刘革新,民营企业
2687,301302.SZ,301302,华如科技,北京,软件服务,hrkj,创业板,20220623,李杰,民营企业
2688,301303.SZ,301303,真兰仪表,上海,电器仪表,zlyb,创业板,20230220,无实际控制人,无
2689,301305.SZ,301305,朗坤环境,深圳,环境保护,lkhj,创业板,20230523,陈建湘,民营企业
2690,301306.SZ,301306,西测测试,陕西,航空,xccs,创业板,20220726,李泽新,民营企业
2691,301307.SZ,301307,美利信,重庆,通信设备,mlx,创业板,20230424,余克飞,民营企业
2692,301308.SZ,301308,江波龙,深圳,半导体,jbl,创业板,20220805,蔡华波,民营企业
2693,301309.SZ,301309,万得凯,浙江,机械基件,wdk,创业板,20220919,钟兴富,民营企业
2694,301310.SZ,301310,鑫宏业,江苏,汽车配件,xhy,创业板,20230602,卜晓华,民营企业
2695,301311.SZ,301311,昆船智能,云南,机械基件,kczn,创业板,20221130,中国船舶重工集团有限公司,中央国企
2696,301312.SZ,301312,智立方,深圳,专用机械,zlf,创业板,20220711,邱鹏,民营企业
2697,301313.SZ,301313,凡拓数创,广东,文教休闲,ftsc,创业板,20220930,伍穗颖,民营企业
2698,301314.SZ,301314,科瑞思,广东,元器件,krs,创业板,20230328,于志江,民营企业
2699,301315.SZ,301315,威士顿,上海,软件服务,wsd,创业板,20230621,茆宇忠,民营企业
2700,301316.SZ,301316,慧博云通,浙江,软件服务,hbyt,创业板,20221013,余浩,民营企业
2701,301317.SZ,301317,鑫磊股份,浙江,机械基件,xlgf,创业板,20230119,钟仁志,民营企业
2702,301318.SZ,301318,维海德,深圳,IT设备,whd,创业板,20220810,陈涛,民营企业
2703,301319.SZ,301319,唯特偶,深圳,元器件,wto,创业板,20220929,廖高兵,民营企业
2704,301320.SZ,301320,豪江智能,山东,电气设备,hjzn,创业板,20230609,宫志强,民营企业
2705,301321.SZ,301321,翰博高新,安徽,元器件,hbgx,创业板,20220818,王照忠,民营企业
2706,301322.SZ,301322,绿通科技,广东,摩托车,ltkj,创业板,20230306,张志江,民营企业
2707,301323.SZ,301323,新莱福,广东,橡胶,xlf,创业板,20230606,汪小明,民营企业
2708,301325.SZ,301325,曼恩斯特,深圳,专用机械,mest,创业板,20230512,唐雪姣,民营企业
2709,301326.SZ,301326,捷邦科技,广东,元器件,jbkj,创业板,20220921,辛云峰,民营企业
2710,301327.SZ,301327,华宝新能,深圳,电气设备,hbxn,创业板,20220919,孙中伟,民营企业
2711,301328.SZ,301328,维峰电子,广东,元器件,wfdz,创业板,20220908,李文化,民营企业
2712,301329.SZ,301329,信音电子,江苏,元器件,xydz,创业板,20230717,无实际控制人,无
2713,301330.SZ,301330,熵基科技,广东,IT设备,sjkj,创业板,20220817,车全宏,民营企业
2714,301331.SZ,301331,恩威医药,西藏,中成药,ewyy,创业板,20220921,薛永新,民营企业
2715,301332.SZ,301332,德尔玛,广东,家用电器,dem,创业板,20230518,蔡铁强,民营企业
2716,301333.SZ,301333,诺思格,北京,医疗保健,nsg,创业板,20220802,WU JIE,外资企业
2717,301335.SZ,301335,天元宠物,浙江,文教休闲,tycw,创业板,20221118,,
2718,301336.SZ,301336,趣睡科技,四川,家居用品,qskj,创业板,20220812,李勇,民营企业
2719,301337.SZ,301337,亚华电子,山东,软件服务,yhdz,创业板,20230526,耿玉泉,民营企业
2720,301338.SZ,301338,凯格精机,广东,专用机械,kgjj,创业板,20220816,邱国良,民营企业
2721,301339.SZ,301339,通行宝,江苏,IT设备,txb,创业板,20220909,江苏省政府国有资产监督管理委员会,地方国企
2722,301345.SZ,301345,涛涛车业,浙江,摩托车,ttcy,创业板,20230321,曹马涛,民营企业
2723,301348.SZ,301348,蓝箭电子,广东,半导体,ljdz,创业板,20230810,王成名,民营企业
2724,301349.SZ,301349,信德新材,辽宁,化工原料,xdxc,创业板,20220909,尹洪涛,民营企业
2725,301353.SZ,301353,普莱得,浙江,专用机械,pld,创业板,20230530,杨伟明,民营企业
2726,301355.SZ,301355,南王科技,福建,广告包装,nwkj,创业板,20230612,陈凯声,民营企业
2727,301356.SZ,301356,天振股份,浙江,家居用品,tzgf,创业板,20221114,方庆华,民营企业
2728,301357.SZ,301357,北方长龙,陕西,专用机械,bfcl,创业板,20230418,陈跃,民营企业
2729,301358.SZ,301358,湖南裕能,湖南,电气设备,hnyn,创业板,20230209,无实际控制人,无
2730,301359.SZ,301359,东南电子,浙江,元器件,dndz,创业板,20221109,仇文奎,民营企业
2731,301360.SZ,301360,荣旗科技,江苏,专用机械,rqkj,创业板,20230425,钱曙光,民营企业
2732,301361.SZ,301361,众智科技,河南,电气设备,zzkj,创业板,20221116,杨新征,民营企业
2733,301362.SZ,301362,民爆光电,深圳,电气设备,mbgd,创业板,20230804,谢祖华,民营企业
2734,301363.SZ,301363,美好医疗,深圳,医疗保健,mhyl,创业板,20221012,熊小川,民营企业
2735,301365.SZ,301365,矩阵股份,深圳,建筑工程,jzgf,创业板,20221122,王冠,民营企业
2736,301366.SZ,301366,一博科技,深圳,元器件,ybkj,创业板,20220926,汤昌茂,民营企业
2737,301367.SZ,301367,怡和嘉业,北京,医疗保健,yhjy,创业板,20221101,庄志,民营企业
2738,301368.SZ,301368,丰立智能,浙江,机械基件,flzn,创业板,20221215,王友利,民营企业
2739,301369.SZ,301369,联动科技,广东,半导体,ldkj,创业板,20220922,张赤梅,民营企业
2740,301370.SZ,301370,国科恒泰,北京,医药商业,gkht,创业板,20230712,中国科学院控股有限公司,中央国企
2741,301371.SZ,301371,敷尔佳,黑龙江,日用化工,fej,创业板,20230801,张立国,民营企业
2742,301372.SZ,301372,科净源,北京,环境保护,kjy,创业板,20230811,葛敬,民营企业
2743,301373.SZ,301373,凌玮科技,广东,化工原料,lwkj,创业板,20230208,胡颖妮,民营企业
2744,301376.SZ,301376,致欧科技,河南,家居用品,zokj,创业板,20230621,宋川,民营企业
2745,301377.SZ,301377,鼎泰高科,广东,机械基件,dtgk,创业板,20221122,王馨,民营企业
2746,301378.SZ,301378,通达海,江苏,软件服务,tdh,创业板,20230320,郑建国,民营企业
2747,301379.SZ,301379,天山电子,广西,元器件,tsdz,创业板,20221101,王嗣纬,民营企业
2748,301380.SZ,301380,挖金客,北京,软件服务,wjk,创业板,20221025,李征,民营企业
2749,301381.SZ,301381,赛维时代,深圳,互联网,swsd,创业板,20230712,陈文平,民营企业
2750,301382.SZ,301382,蜂助手,广东,互联网,fzs,创业板,20230517,罗洪鹏,民营企业
2751,301383.SZ,301383,天键股份,江西,元器件,tjgf,创业板,20230609,冯砚儒,民营企业
2752,301386.SZ,301386,未来电器,江苏,电气设备,wldq,创业板,20230329,莫文艺,民营企业
2753,301387.SZ,301387,光大同创,深圳,元器件,gdtc,创业板,20230418,马增龙,民营企业
2754,301388.SZ,301388,欣灵电气,浙江,电气设备,xldq,创业板,20221109,胡志兴,民营企业
2755,301389.SZ,301389,隆扬电子,江苏,元器件,lydz,创业板,20221031,张东琴,外资企业
2756,301390.SZ,301390,经纬股份,浙江,建筑工程,jwgf,创业板,20230508,叶肖华,民营企业
2757,301391.SZ,301391,卡莱特,深圳,IT设备,klt,创业板,20221201,周锦志,民营企业
2758,301392.SZ,301392,汇成真空,广东,专用机械,hczk,创业板,20240605,李志荣,民营企业
2759,301393.SZ,301393,昊帆生物,江苏,化工原料,hfsw,创业板,20230712,朱勇,民营企业
2760,301395.SZ,301395,仁信新材,广东,化工原料,rxxc,创业板,20230703,邱汉周,民营企业
2761,301396.SZ,301396,宏景科技,广东,软件服务,hjkj,创业板,20221111,欧阳华,民营企业
2762,301397.SZ,301397,溯联股份,重庆,汽车配件,slgf,创业板,20230628,韩宗俊,民营企业
2763,301398.SZ,301398,星源卓镁,浙江,汽车配件,xyzm,创业板,20221215,邱卓雄,民营企业
2764,301399.SZ,301399,英特科技,浙江,机械基件,ytkj,创业板,20230523,方真健,民营企业
2765,301408.SZ,301408,华人健康,安徽,医药商业,hrjk,创业板,20230301,何家乐,民营企业
2766,301413.SZ,301413,安培龙,深圳,电器仪表,apl,创业板,20231218,邬若军,民营企业
2767,301418.SZ,301418,协昌科技,江苏,电气设备,xckj,创业板,20230821,顾挺,民营企业
2768,301419.SZ,301419,阿莱德,上海,通信设备,ald,创业板,20230209,张耀华,民营企业
2769,301421.SZ,301421,波长光电,江苏,元器件,bcgd,创业板,20230823,朱敏,民营企业
2770,301428.SZ,301428,世纪恒通,贵州,互联网,sjht,创业板,20230519,杨兴海,民营企业
2771,301429.SZ,301429,森泰股份,安徽,其他建材,stgf,创业板,20230417,唐圣卫,民营企业
2772,301439.SZ,301439,泓淋电力,山东,电气设备,hldl,创业板,20230317,迟少林,民营企业
2773,301446.SZ,301446,福事特,江西,机械基件,fst,创业板,20230725,彭香安,民营企业
2774,301448.SZ,301448,开创电气,浙江,机械基件,kcdq,创业板,20230619,吴宁,民营企业
2775,301456.SZ,301456,盘古智能,山东,电气设备,pgzn,创业板,20230714,邵安仓,民营企业
2776,301459.SZ,301459,丰茂股份,浙江,汽车配件,zjfm,创业板,20231213,蒋春雷,民营企业
2777,301468.SZ,301468,博盈特焊,广东,专用机械,byth,创业板,20230724,李海生,民营企业
2778,301469.SZ,301469,恒达新材,浙江,造纸,hdxc,创业板,20230822,潘昌,民营企业
2779,301486.SZ,301486,致尚科技,深圳,元器件,zskj,创业板,20230707,陈潮先,民营企业
2780,301487.SZ,301487,盟固利,天津,化工原料,mgl,创业板,20230809,崔根良,民营企业
2781,301488.SZ,301488,豪恩汽电,深圳,汽车配件,heqd,创业板,20230704,陈金法,民营企业
2782,301489.SZ,301489,思泉新材,广东,元器件,sqxc,创业板,20231024,任泽明,民营企业
2783,301498.SZ,301498,乖宝宠物,山东,饲料,gbcw,创业板,20230816,秦华,民营企业
2784,301499.SZ,301499,维科精密,上海,汽车配件,wkjm,创业板,20230721,TAN YAN LAI,外资企业
2785,301500.SZ,301500,飞南资源,广东,环境保护,fnzy,创业板,20230921,孙雁军,民营企业
2786,301502.SZ,301502,华阳智能,江苏,电气设备,hyzn,创业板,20240202,许云初,民营企业
2787,301503.SZ,301503,智迪科技,广东,IT设备,zdkj,创业板,20230717,谢伟明,民营企业
2788,301505.SZ,301505,苏州规划,江苏,建筑工程,szgh,创业板,20230719,,
2789,301507.SZ,301507,民生健康,浙江,化学制药,msjk,创业板,20230905,竺福江,民营企业
2790,301508.SZ,301508,中机认检,北京,电器仪表,zjrj,创业板,20231201,国务院国有资产监督管理委员会,中央国企
2791,301509.SZ,301509,金凯生科,辽宁,化学制药,jksk,创业板,20230803,Fumin Wang,外资企业
2792,301510.SZ,301510,固高科技,深圳,电器仪表,ggkj,创业板,20230815,李泽湘,民营企业
2793,301511.SZ,301511,德福科技,江西,电气设备,dfkj,创业板,20230817,马科,民营企业
2794,301512.SZ,301512,智信精密,深圳,专用机械,zxjm,创业板,20230720,李晓华,民营企业
2795,301515.SZ,301515,港通医疗,四川,医疗保健,gtyl,创业板,20230725,陈永,民营企业
2796,301516.SZ,301516,中远通,深圳,电气设备,zyt,创业板,20231208,吉学龙,民营企业
2797,301517.SZ,301517,陕西华达,陕西,元器件,sxhd,创业板,20231017,陕西省人民政府国有资产监督管理委员会,地方国企
2798,301518.SZ,301518,长华化学,江苏,化工原料,chhx,创业板,20230803,顾仁发,民营企业
2799,301519.SZ,301519,舜禹股份,安徽,专用机械,sygf,创业板,20230727,邓帮武,民营企业
2800,301520.SZ,301520,万邦医药,安徽,生物制药,wbyy,创业板,20230925,陶春蕾,民营企业
2801,301525.SZ,301525,儒竞科技,上海,家用电器,rjkj,创业板,20230830,雷淮刚,民营企业
2802,301526.SZ,301526,国际复材,重庆,玻璃,gjfc,创业板,20231226,云南省人民政府国有资产监督管理委员会,地方国企
2803,301528.SZ,301528,多浦乐,广东,电器仪表,dpl,创业板,20230828,蔡庆生,民营企业
2804,301529.SZ,301529,福赛科技,安徽,汽车配件,fskj,创业板,20230911,陆文波,民营企业
2805,301533.SZ,301533,威马农机,重庆,农用机械,wmnj,创业板,20230818,严华,民营企业
2806,301536.SZ,301536,星宸科技,福建,半导体,xckj,创业板,20240328,无实际控制人,无
2807,301538.SZ,301538,骏鼎达,深圳,塑料,jdd,创业板,20240320,杨凤凯,民营企业
2808,301539.SZ,301539,宏鑫科技,浙江,汽车配件,hxkj,创业板,20240415,王文志,民营企业
2809,301548.SZ,301548,崇德科技,湖南,机械基件,cdkj,创业板,20230920,周少华,民营企业
2810,301550.SZ,301550,斯菱股份,浙江,汽车配件,slgf,创业板,20230915,姜岭,民营企业
2811,301552.SZ,301552,科力装备,河北,汽车配件,klzb,创业板,20240722,张万武,民营企业
2812,301555.SZ,301555,惠柏新材,上海,化工原料,hbxc,创业板,20231031,杨裕镜,外资企业
2813,301558.SZ,301558,三态股份,深圳,互联网,stgf,创业板,20230928,ZHONGBIN SUN,外资企业
2814,301559.SZ,301559,中集环科,江苏,专用机械,zjhk,创业板,20231011,无实际控制人,无
2815,301565.SZ,301565,中仑新材,福建,塑料,zlxc,创业板,20240620,杨清金,民营企业
2816,301566.SZ,301566,达利凯普,辽宁,元器件,dlkp,创业板,20231229,赵丰,民营企业
2817,301567.SZ,301567,贝隆精密,浙江,元器件,bljm,创业板,20240116,杨炯,民营企业
2818,301568.SZ,301568,思泰克,福建,专用机械,stk,创业板,20231128,陈志忠,民营企业
2819,301571.SZ,301571,国科天成,北京,元器件,gktc,创业板,20240821,罗珏典,民营企业
2820,301577.SZ,301577,美信科技,广东,元器件,mxkj,创业板,20240124,张定珍,民营企业
2821,301578.SZ,301578,辰奕智能,广东,IT设备,cyzn,创业板,20231228,胡卫清,民营企业
2822,301580.SZ,301580,爱迪特,河北,医疗保健,adt,创业板,20240626,李洪文,民营企业
2823,301586.SZ,301586,佳力奇,安徽,航空,jlq,创业板,20240828,,
2824,301587.SZ,301587,中瑞股份,江苏,电气设备,zrgf,创业板,20240408,杨学新,民营企业
2825,301588.SZ,301588,美新科技,广东,家居用品,mxkj,创业板,20240313,林东亮,外资企业
2826,301589.SZ,301589,诺瓦星云,陕西,IT设备,nwxy,创业板,20240208,袁胜春,民营企业
2827,301591.SZ,301591,肯特股份,江苏,塑料,ktgf,创业板,20240228,杨文光,民营企业
2828,301596.SZ,301596,瑞迪智驱,四川,机械基件,rdzq,创业板,20240513,卢晓蓉,民营企业
2829,301600.SZ,301600,C慧翰,福建,通信设备,hhgf,创业板,20240911,,
2830,301603.SZ,301603,乔锋智能,广东,机床制造,qfzn,创业板,20240710,蒋修华,民营企业
2831,301606.SZ,301606,绿联科技,深圳,元器件,llkj,创业板,20240726,张清森,民营企业
2832,301607.SZ,301607,富特科技,浙江,汽车配件,ftkj,创业板,20240904,,
2833,301608.SZ,301608,博实结,深圳,通信设备,bsj,创业板,20240801,周小强,民营企业
2834,301611.SZ,301611,珂玛科技,江苏,半导体,kmkj,创业板,20240816,刘先兵,民营企业
2835,430017.BJ,430017,星昊医药,北京,化学制药,xhyy,北交所,20230531,殷岚,民营企业
2836,430047.BJ,430047,诺思兰德,北京,生物制药,nsld,北交所,20201124,许松山,民营企业
2837,430090.BJ,430090,同辉信息,北京,IT设备,thxx,北交所,20210809,戴福昊,民营企业
2838,430139.BJ,430139,华岭股份,上海,半导体,hlgf,北交所,20221028,无实际控制人,无
2839,430198.BJ,430198,微创光电,湖北,IT设备,wcgd,北交所,20200727,陈军,民营企业
2840,430300.BJ,430300,辰光医疗,上海,医疗保健,cgyl,北交所,20221207,王杰,民营企业
2841,430418.BJ,430418,苏轴股份,江苏,汽车配件,szgf,北交所,20200727,江苏省苏州市人民政府国有资产监督管理委员会,地方国企
2842,430425.BJ,430425,乐创技术,四川,专用机械,lcjs,北交所,20230130,赵钧,民营企业
2843,430476.BJ,430476,海能技术,山东,电器仪表,hnjs,北交所,20221014,王志刚,民营企业
2844,430478.BJ,430478,峆一药业,安徽,化学制药,hyyy,北交所,20230223,董来山,民营企业
2845,430489.BJ,430489,佳先股份,安徽,化工原料,jxgf,北交所,20200727,安徽省蚌埠市人民政府国有资产监督管理委员会,地方国企
2846,430510.BJ,430510,丰光精密,山东,机械基件,fgjm,北交所,20201228,李军,民营企业
2847,430556.BJ,430556,雅达股份,广东,电器仪表,ydgf,北交所,20230317,王煌英,民营企业
2848,430564.BJ,430564,天润科技,陕西,软件服务,trkj,北交所,20220617,陈利,民营企业
2849,430685.BJ,430685,新芝生物,浙江,电器仪表,xzsw,北交所,20221010,周芳,民营企业
2850,430718.BJ,430718,合肥高科,安徽,家用电器,hfgk,北交所,20221222,胡翔,民营企业
2851,600000.SH,600000,浦发银行,上海,银行,pfyh,主板,19991110,上海市国有资产监督管理委员会,地方国企
2852,600004.SH,600004,白云机场,广东,机场,byjc,主板,20030428,,
2853,600006.SH,600006,东风股份,湖北,汽车整车,dfgf,主板,19990727,东风汽车有限公司,中央国企
2854,600007.SH,600007,中国国贸,北京,园区开发,zggm,主板,19990312,香格里拉(亚洲)有限公司,外资企业
2855,600008.SH,600008,首创环保,北京,水务,schb,主板,20000427,,
2856,600009.SH,600009,上海机场,上海,机场,shjc,主板,19980218,上海市国有资产监督管理委员会,地方国企
2857,600010.SH,600010,包钢股份,内蒙,普钢,bggf,主板,20010309,,
2858,600011.SH,600011,华能国际,北京,火力发电,hngj,主板,20011206,,
2859,600012.SH,600012,皖通高速,安徽,路桥,wtgs,主板,20030107,,
2860,600015.SH,600015,华夏银行,北京,银行,hxyh,主板,20030912,无实际控制人,无
2861,600016.SH,600016,民生银行,北京,银行,msyh,主板,20001219,,
2862,600017.SH,600017,日照港,山东,港口,rzg,主板,20061017,日照市人民政府,地方国企
2863,600018.SH,600018,上港集团,上海,港口,sgjt,主板,20061026,上海市国有资产监督管理委员会,地方国企
2864,600019.SH,600019,宝钢股份,上海,普钢,bggf,主板,20001212,,
2865,600020.SH,600020,中原高速,河南,路桥,zygs,主板,20030808,,
2866,600021.SH,600021,上海电力,上海,火力发电,shdl,主板,20031029,国务院国有资产监督管理委员会,中央国企
2867,600022.SH,600022,山东钢铁,山东,普钢,sdgt,主板,20040629,,
2868,600023.SH,600023,浙能电力,浙江,火力发电,zndl,主板,20131219,,
2869,600025.SH,600025,华能水电,云南,水力发电,hnsd,主板,20171215,,
2870,600026.SH,600026,中远海能,上海,水运,zyhn,主板,20020523,,
2871,600027.SH,600027,华电国际,山东,火力发电,hdgj,主板,20050203,,
2872,600028.SH,600028,中国石化,北京,石油加工,zgsh,主板,20010808,,
2873,600029.SH,600029,南方航空,广东,空运,nfhk,主板,20030725,,
2874,600030.SH,600030,中信证券,深圳,证券,zxzq,主板,20030106,中华人民共和国财政部,中央国企
2875,600031.SH,600031,三一重工,北京,工程机械,syzg,主板,20030703,,
2876,600032.SH,600032,浙江新能,浙江,新型电力,zjxn,主板,20210525,浙江省人民政府国有资产监督管理委员会,地方国企
2877,600033.SH,600033,福建高速,福建,路桥,fjgs,主板,20010209,,
2878,600035.SH,600035,楚天高速,湖北,路桥,ctgs,主板,20040310,,
2879,600036.SH,600036,招商银行,深圳,银行,zsyh,主板,20020409,,
2880,600037.SH,600037,歌华有线,北京,影视音像,ghyx,主板,20010208,中华人民共和国中央人民政府,中央国企
2881,600038.SH,600038,中直股份,黑龙江,航空,zzgf,主板,20001218,,
2882,600039.SH,600039,四川路桥,四川,建筑工程,sclq,主板,20030325,四川省政府国有资产监督管理委员会,地方国企
2883,600048.SH,600048,保利发展,广东,全国地产,blfz,主板,20060731,,
2884,600050.SH,600050,中国联通,北京,电信运营,zglt,主板,20021009,,
2885,600051.SH,600051,宁波联合,浙江,综合类,nblh,主板,19970410,,
2886,600052.SH,600052,东望时代,浙江,供气供热,dwsd,主板,19970415,东阳市人民政府国有资产监督管理办公室,地方国企
2887,600053.SH,600053,九鼎投资,江西,多元金融,jdtz,主板,19970418,江西省国有资产监督管理委员会,地方国企
2888,600054.SH,600054,黄山旅游,安徽,旅游景点,hsly,主板,19970506,,
2889,600055.SH,600055,万东医疗,北京,医疗保健,wdyl,主板,19970519,何享健,民营企业
2890,600056.SH,600056,中国医药,北京,医药商业,zgyy,主板,19970515,,
2891,600057.SH,600057,厦门象屿,福建,仓储物流,xmxy,主板,19970604,厦门市人民政府国有资产监督管理委员会,地方国企
2892,600058.SH,600058,五矿发展,北京,商贸代理,wkfz,主板,19970528,,
2893,600059.SH,600059,古越龙山,浙江,红黄酒,gyls,主板,19970516,绍兴市人民政府国有资产监督管理委员会,地方国企
2894,600060.SH,600060,海信视像,山东,家用电器,hxsx,主板,19970422,青岛市人民政府国有资产监督管理委员会,地方国企
2895,600061.SH,600061,国投资本,上海,证券,gtzb,主板,19970519,,
2896,600062.SH,600062,华润双鹤,北京,化学制药,hrsh,主板,19970522,,
2897,600063.SH,600063,皖维高新,安徽,化纤,wwgx,主板,19970528,,
2898,600064.SH,600064,南京高科,江苏,园区开发,njgk,主板,19970506,,
2899,600066.SH,600066,宇通客车,河南,汽车整车,ytkc,主板,19970508,汤玉祥,民营企业
2900,600067.SH,600067,冠城大通,福建,区域地产,gcdt,主板,19970508,韩国龙,外资企业
2901,600070.SH,600070,*ST富润,浙江,互联网,stfr,主板,19970604,诸暨市人民政府,地方国企
2902,600071.SH,600071,凤凰光学,江西,元器件,fhgx,主板,19970528,江西省国有资产监督管理委员会,地方国企
2903,600072.SH,600072,中船科技,上海,船舶,zckj,主板,19970603,,
2904,600073.SH,600073,光明肉业,上海,食品,gmry,主板,19970704,上海市国有资产监督管理委员会,地方国企
2905,600075.SH,600075,新疆天业,新疆,化工原料,xjty,主板,19970617,新疆生产建设兵团第八师国有资产监督管理委员会(石河子市国有资产监督管理委员会),地方国企
2906,600076.SH,600076,康欣新材,山东,广告包装,kxxc,主板,19970526,无锡市人民政府国有资产监督管理委员会,地方国企
2907,600078.SH,600078,澄星股份,江苏,化工原料,cxgf,主板,19970627,李星星,民营企业
2908,600079.SH,600079,人福医药,湖北,化学制药,rfyy,主板,19970606,,
2909,600080.SH,600080,金花股份,陕西,中成药,jhgf,主板,19970612,邢博越,民营企业
2910,600081.SH,600081,东风科技,上海,汽车配件,dfkj,主板,19970703,国务院国有资产监督管理委员会,中央国企
2911,600082.SH,600082,海泰发展,天津,园区开发,htfz,主板,19970620,,
2912,600083.SH,600083,*ST博信,江苏,综合类,stbx,主板,19970606,苏州市姑苏区人民政府国有(集体)资产监督管理办公室,地方国企
2913,600084.SH,600084,中信尼雅,新疆,红黄酒,zxny,主板,19970711,,
2914,600085.SH,600085,同仁堂,北京,中成药,trt,主板,19970625,,
2915,600088.SH,600088,中视传媒,上海,影视音像,zscm,主板,19970616,中央广播电视总台,中央国企
2916,600089.SH,600089,特变电工,新疆,电气设备,tbdg,主板,19970618,,
2917,600094.SH,600094,大名城,上海,区域地产,dmc,主板,19970703,俞培俤,外资企业
2918,600095.SH,600095,湘财股份,黑龙江,证券,xcgf,主板,19970708,黄伟,民营企业
2919,600096.SH,600096,云天化,云南,农药化肥,yth,主板,19970709,,
2920,600097.SH,600097,开创国际,上海,渔业,kcgj,主板,19970619,上海市国有资产监督管理委员会,地方国企
2921,600098.SH,600098,广州发展,广东,火力发电,gzfz,主板,19970718,,
2922,600099.SH,600099,林海股份,江苏,汽车整车,lhgf,主板,19970704,,
2923,600100.SH,600100,同方股份,北京,IT设备,tfgf,主板,19970627,国务院国有资产监督管理委员会,中央国企
2924,600101.SH,600101,明星电力,四川,水力发电,mxdl,主板,19970627,,
2925,600103.SH,600103,青山纸业,福建,造纸,qszy,主板,19970703,,
2926,600104.SH,600104,上汽集团,上海,汽车整车,sqjt,主板,19971125,上海市国有资产监督管理委员会,地方国企
2927,600105.SH,600105,永鼎股份,江苏,通信设备,ydgf,主板,19970929,,
2928,600106.SH,600106,重庆路桥,重庆,路桥,cqlq,主板,19970618,,
2929,600107.SH,600107,美尔雅,湖北,服饰,mey,主板,19971106,郑继平,民营企业
2930,600108.SH,600108,亚盛集团,甘肃,种植业,ysjt,主板,19970818,,
2931,600109.SH,600109,国金证券,四川,证券,gjzq,主板,19970807,,
2932,600110.SH,600110,诺德股份,吉林,电气设备,ndgf,主板,19971007,,
2933,600111.SH,600111,北方稀土,内蒙,小金属,bfxt,主板,19970924,,
2934,600113.SH,600113,浙江东日,浙江,区域地产,zjdr,主板,19971021,温州东方集团有限公司,地方国企
2935,600114.SH,600114,东睦股份,浙江,机械基件,dmgf,主板,20040511,,
2936,600115.SH,600115,中国东航,上海,空运,zgdh,主板,19971105,,
2937,600116.SH,600116,三峡水利,重庆,水力发电,sxsl,主板,19970804,,
2938,600117.SH,600117,西宁特钢,青海,特种钢,xntg,主板,19971015,,
2939,600118.SH,600118,中国卫星,北京,航空,zgwx,主板,19970908,,
2940,600119.SH,600119,长江投资,上海,仓储物流,cjtz,主板,19980115,上海市国有资产监督管理委员会,地方国企
2941,600120.SH,600120,浙江东方,浙江,多元金融,zjdf,主板,19971201,,
2942,600121.SH,600121,郑州煤电,河南,煤炭开采,zzmd,主板,19980107,,
2943,600123.SH,600123,兰花科创,山西,煤炭开采,lhkc,主板,19981217,,
2944,600125.SH,600125,铁龙物流,辽宁,铁路,tlwl,主板,19980511,中国国家铁路集团有限公司,中央国企
2945,600126.SH,600126,杭钢股份,浙江,普钢,hggf,主板,19980311,,
2946,600127.SH,600127,金健米业,湖南,农业综合,jjmy,主板,19980506,长沙市人民政府国有资产监督管理委员会,地方国企
2947,600128.SH,600128,苏豪弘业,江苏,商贸代理,shhy,主板,19970901,江苏省政府国有资产监督管理委员会,地方国企
2948,600129.SH,600129,太极集团,重庆,中成药,tjjt,主板,19971118,重庆市涪陵区国有资产监督管理委员会,地方国企
2949,600130.SH,600130,波导股份,浙江,元器件,bdgf,主板,20000706,徐立华,民营企业
2950,600131.SH,600131,国网信通,四川,通信设备,gwxt,主板,19980402,,
2951,600132.SH,600132,重庆啤酒,重庆,啤酒,cqpj,主板,19971030,重庆市国有资产监督管理委员会,地方国企
2952,600133.SH,600133,东湖高新,湖北,建筑工程,dhgx,主板,19980212,,
2953,600135.SH,600135,乐凯胶片,河北,塑料,lkjp,主板,19980122,中国航天科技集团有限公司,中央国企
2954,600136.SH,600136,ST明诚,湖北,影视音像,stmc,主板,19980303,武汉市人民政府国有资产监督管理委员会,地方国企
2955,600137.SH,600137,浪莎股份,四川,服饰,lsgf,主板,19980416,,
2956,600138.SH,600138,中青旅,北京,旅游景点,zql,主板,19971203,,
2957,600141.SH,600141,兴发集团,湖北,农药化肥,xfjt,主板,19990616,,
2958,600143.SH,600143,金发科技,广东,塑料,jfkj,主板,20040623,,
2959,600148.SH,600148,长春一东,吉林,汽车配件,ccyd,主板,19980520,,
2960,600149.SH,600149,廊坊发展,河北,综合类,lffz,主板,19991014,廊坊市自然资源和规划局(廊坊市林业局),地方国企
2961,600150.SH,600150,中国船舶,上海,船舶,zgcb,主板,19980520,,
2962,600151.SH,600151,航天机电,上海,汽车配件,htjd,主板,19980605,,
2963,600152.SH,600152,维科技术,浙江,电气设备,wkjs,主板,19980609,,
2964,600153.SH,600153,建发股份,福建,仓储物流,jfgf,主板,19980616,厦门市人民政府国有资产监督管理委员会,地方国企
2965,600155.SH,600155,华创云信,北京,证券,hcyx,主板,19980918,无实际控制人,无
2966,600156.SH,600156,华升股份,湖南,纺织,hsgf,主板,19980527,,
2967,600157.SH,600157,永泰能源,山西,火力发电,ytny,主板,19980513,,
2968,600158.SH,600158,中体产业,天津,文教休闲,ztcy,主板,19980327,,
2969,600159.SH,600159,大龙地产,北京,区域地产,dldc,主板,19980526,,
2970,600160.SH,600160,巨化股份,浙江,化工原料,jhgf,主板,19980626,,
2971,600161.SH,600161,天坛生物,北京,生物制药,ttsw,主板,19980616,中国医药集团有限公司,中央国企
2972,600162.SH,600162,香江控股,深圳,全国地产,xjkg,主板,19980609,,
2973,600163.SH,600163,中闽能源,福建,新型电力,zmny,主板,19980602,,
2974,600165.SH,600165,*ST宁科,宁夏,化工原料,stnk,主板,19980529,,
2975,600166.SH,600166,福田汽车,北京,汽车整车,ftqc,主板,19980602,,
2976,600167.SH,600167,联美控股,辽宁,供气供热,lmkg,主板,19990128,苏壮强,外资企业
2977,600168.SH,600168,武汉控股,湖北,水务,whkg,主板,19980427,武汉市人民政府国有资产监督管理委员会,地方国企
2978,600169.SH,600169,太原重工,山西,工程机械,tyzg,主板,19980904,山西省人民政府国有资产监督管理委员会,地方国企
2979,600170.SH,600170,上海建工,上海,建筑工程,shjg,主板,19980623,上海市国有资产监督管理委员会,地方国企
2980,600171.SH,600171,上海贝岭,上海,半导体,shbl,主板,19980924,,
2981,600172.SH,600172,黄河旋风,河南,矿物制品,hhxf,主板,19981126,,
2982,600173.SH,600173,卧龙地产,浙江,全国地产,wldc,主板,19990415,,
2983,600176.SH,600176,中国巨石,浙江,玻璃,zgjs,主板,19990422,,
2984,600177.SH,600177,雅戈尔,浙江,服饰,yge,主板,19981119,,
2985,600178.SH,600178,东安动力,黑龙江,汽车配件,dadl,主板,19981014,,
2986,600179.SH,600179,安通控股,黑龙江,水运,atkg,主板,19981104,无实际控制人,无
2987,600180.SH,600180,瑞茂通,山东,仓储物流,rmt,主板,19980703,,
2988,600182.SH,600182,S佳通,黑龙江,汽车配件,sjt,主板,19990507,,
2989,600183.SH,600183,生益科技,广东,元器件,sykj,主板,19981028,,
2990,600184.SH,600184,光电股份,湖北,专用机械,gdgf,主板,20031106,,
2991,600185.SH,600185,格力地产,广东,区域地产,gldc,主板,19990611,珠海市人民政府国有资产监督管理委员会,地方国企
2992,600186.SH,600186,莲花控股,河南,食品,lhkg,主板,19980825,顾华梅,民营企业
2993,600187.SH,600187,国中水务,黑龙江,水务,gzsw,主板,19981111,李月华,外资企业
2994,600188.SH,600188,兖矿能源,山东,煤炭开采,ykny,主板,19980701,,
2995,600189.SH,600189,泉阳泉,吉林,软饮料,qyq,主板,19981007,,
2996,600190.SH,600190,ST锦港,辽宁,港口,stjg,主板,19990609,无实际控制人,无
2997,600191.SH,600191,华资实业,内蒙,食品,hzsy,主板,19981210,包头市人民政府国有资产监督管理委员会,地方国企
2998,600192.SH,600192,长城电工,甘肃,电气设备,ccdg,主板,19981224,,
2999,600193.SH,600193,创兴资源,上海,装修装饰,cxzy,主板,19990527,余增云,外资企业
3000,600195.SH,600195,中牧股份,北京,农业综合,zmgf,主板,19990107,,
3001,600196.SH,600196,复星医药,上海,化学制药,fxyy,主板,19980807,,
3002,600197.SH,600197,伊力特,新疆,白酒,ylt,主板,19990916,,
3003,600198.SH,600198,大唐电信,北京,通信设备,dtdx,主板,19981021,,
3004,600199.SH,600199,金种子酒,安徽,白酒,jzzj,主板,19980812,阜阳市人民政府国有资产监督管理委员会,地方国企
3005,600200.SH,600200,江苏吴中,江苏,化学制药,jswz,主板,19990401,,
3006,600201.SH,600201,生物股份,内蒙,农业综合,swgf,主板,19990115,,
3007,600202.SH,600202,哈空调,黑龙江,专用机械,hkt,主板,19990603,,
3008,600203.SH,600203,福日电子,福建,元器件,frdz,主板,19990514,福建省人民政府国有资产监督管理委员会,地方国企
3009,600206.SH,600206,有研新材,北京,半导体,yyxc,主板,19990319,,
3010,600207.SH,600207,安彩高科,河南,电气设备,acgk,主板,19990714,河南省财政厅,地方国企
3011,600208.SH,600208,衢州发展,浙江,全国地产,qzfz,主板,19990623,,
3012,600210.SH,600210,紫江企业,上海,广告包装,zjqy,主板,19990824,,
3013,600211.SH,600211,西藏药业,西藏,生物制药,xzyy,主板,19990721,林刚,外资企业
3014,600212.SH,600212,绿能慧充,山东,电气设备,lnhc,主板,19990817,徐益明,外资企业
3015,600213.SH,600213,*ST亚星,江苏,汽车整车,styx,主板,19990831,,
3016,600215.SH,600215,派斯林,吉林,专用机械,psl,主板,19990909,长春市人民政府国有资产监督管理委员会,地方国企
3017,600216.SH,600216,浙江医药,浙江,化学制药,zjyy,主板,19991021,,
3018,600217.SH,600217,中再资环,陕西,环境保护,zzzh,主板,19991216,唐山市人民政府国有资产监督管理委员会,地方国企
3019,600218.SH,600218,全柴动力,安徽,汽车配件,qcdl,主板,19981203,全椒县人民政府,地方国企
3020,600219.SH,600219,南山铝业,山东,铝,nsly,主板,19991223,龙口市东江街道南山村村民委员会,民营企业
3021,600221.SH,600221,海航控股,海南,空运,hhkg,主板,19991125,海南省国有资产监督管理委员会,地方国企
3022,600222.SH,600222,太龙药业,河南,中成药,tlyy,主板,19991105,巩义市竹林镇人民政府,地方国企
3023,600223.SH,600223,福瑞达,山东,日用化工,frd,主板,20000113,,
3024,600225.SH,600225,卓朗科技,天津,软件服务,zlkj,主板,20000127,,
3025,600226.SH,600226,亨通股份,浙江,供气供热,htgf,主板,19991116,崔根良,民营企业
3026,600227.SH,600227,赤天化,贵州,农药化肥,cth,主板,20000221,丁林洪,外资企业
3027,600228.SH,600228,返利科技,江西,互联网,flkj,主板,19990119,江西省国有资产监督管理委员会,地方国企
3028,600229.SH,600229,城市传媒,山东,出版业,cscm,主板,20000309,青岛市人民政府国有资产监督管理委员会,地方国企
3029,600230.SH,600230,沧州大化,河北,化工原料,czdh,主板,20000406,国务院国有资产监督管理委员会,中央国企
3030,600231.SH,600231,凌钢股份,辽宁,普钢,lggf,主板,20000511,,
3031,600232.SH,600232,金鹰股份,浙江,纺织机械,jygf,主板,20000602,,
3032,600233.SH,600233,圆通速递,辽宁,仓储物流,ytsd,主板,20000608,,
3033,600234.SH,600234,*ST科新,山西,装修装饰,stkx,主板,20000615,黄绍嘉,民营企业
3034,600235.SH,600235,民丰特纸,浙江,造纸,mftz,主板,20000615,,
3035,600236.SH,600236,桂冠电力,广西,水力发电,ggdl,主板,20000323,,
3036,600237.SH,600237,铜峰电子,安徽,元器件,tfdz,主板,20000609,铜陵经济技术开发区管理委员会,地方国企
3037,600238.SH,600238,海南椰岛,海南,红黄酒,hnyd,主板,20000120,海口市人民政府,地方国企
3038,600239.SH,600239,云南城投,云南,区域地产,ynct,主板,19991202,,
3039,600241.SH,600241,时代万恒,辽宁,电气设备,sdwh,主板,20001128,,
3040,600243.SH,600243,青海华鼎,青海,运输设备,qhhd,主板,20001120,王封,民营企业
3041,600246.SH,600246,万通发展,北京,区域地产,wtfz,主板,20000922,,
3042,600248.SH,600248,陕建股份,陕西,建筑工程,sjgf,主板,20000622,,
3043,600249.SH,600249,两面针,广西,日用化工,lmz,主板,20040130,柳州市人民政府国有资产监督管理委员会,地方国企
3044,600250.SH,600250,南京商旅,江苏,商贸代理,njsl,主板,20010306,,
3045,600251.SH,600251,冠农股份,新疆,农业综合,gngf,主板,20030609,,
3046,600252.SH,600252,中恒集团,广西,中成药,zhjt,主板,20001130,,
3047,600255.SH,600255,鑫科材料,安徽,小金属,xkcl,主板,20001122,三台县财政局,地方国企
3048,600256.SH,600256,广汇能源,新疆,石油开采,ghny,主板,20000526,,
3049,600257.SH,600257,大湖股份,湖南,渔业,dhgf,主板,20000612,,
3050,600258.SH,600258,首旅酒店,北京,酒店餐饮,sljd,主板,20000601,,
3051,600259.SH,600259,广晟有色,海南,小金属,gsys,主板,20000525,,
3052,600261.SH,600261,阳光照明,浙江,家用电器,ygzm,主板,20000720,陈森洁,民营企业
3053,600262.SH,600262,北方股份,内蒙,专用机械,bfgf,主板,20000630,,
3054,600265.SH,600265,景谷林业,云南,林业,jgly,主板,20000825,,
3055,600266.SH,600266,城建发展,北京,区域地产,cjfz,主板,19990203,,
3056,600267.SH,600267,海正药业,浙江,化学制药,hzyy,主板,20000725,台州市椒江区人民政府,地方国企
3057,600268.SH,600268,国电南自,江苏,电气设备,gdnz,主板,19991118,,
3058,600269.SH,600269,赣粤高速,江西,路桥,gygs,主板,20000518,,
3059,600271.SH,600271,航天信息,北京,软件服务,htxx,主板,20030711,,
3060,600272.SH,600272,开开实业,上海,医药商业,kksy,主板,20010228,上海市静安区国有资产监督管理委员会(上海市静安区集体资产监督管理委员会),地方国企
3061,600273.SH,600273,嘉化能源,浙江,化工原料,jhny,主板,20030627,,
3062,600276.SH,600276,恒瑞医药,江苏,化学制药,hryy,主板,20001018,,
3063,600278.SH,600278,东方创业,上海,商贸代理,dfcy,主板,20000712,上海市国有资产监督管理委员会,地方国企
3064,600279.SH,600279,重庆港,重庆,港口,cqg,主板,20000731,重庆市国有资产监督管理委员会,地方国企
3065,600280.SH,600280,中央商场,江苏,百货,zysc,主板,20000926,,
3066,600281.SH,600281,华阳新材,山西,小金属,hyxc,主板,20001109,,
3067,600282.SH,600282,南钢股份,江苏,普钢,nggf,主板,20000919,,
3068,600283.SH,600283,钱江水利,浙江,水务,qjsl,主板,20001018,无实际控制人,无
3069,600284.SH,600284,浦东建设,上海,建筑工程,pdjs,主板,20040316,上海市浦东新区国有资产监督管理委员会,地方国企
3070,600285.SH,600285,羚锐制药,河南,中成药,lrzy,主板,20001018,熊伟,民营企业
3071,600287.SH,600287,ST舜天,江苏,商贸代理,stst,主板,20000901,江苏省政府国有资产监督管理委员会,地方国企
3072,600288.SH,600288,大恒科技,北京,元器件,dhkj,主板,20001129,,
3073,600289.SH,600289,*ST信通,黑龙江,软件服务,stxt,主板,20000720,王文锋,民营企业
3074,600292.SH,600292,远达环保,重庆,环境保护,ydhb,主板,20001101,,
3075,600293.SH,600293,三峡新材,湖北,玻璃,sxxc,主板,20000919,,
3076,600295.SH,600295,鄂尔多斯,内蒙,特种钢,eeds,主板,20010426,,
3077,600298.SH,600298,安琪酵母,湖北,食品,aqjm,主板,20000818,宜昌市人民政府国有资产监督管理委员会,地方国企
3078,600299.SH,600299,安迪苏,北京,饲料,ads,主板,20000420,,
3079,600300.SH,600300,维维股份,江苏,软饮料,wwgf,主板,20000630,无实际控制人,无
3080,600301.SH,600301,华锡有色,广西,小金属,hxys,主板,20000712,广西壮族自治区人民政府国有资产监督管理委员会,地方国企
3081,600302.SH,600302,标准股份,陕西,纺织机械,bzgf,主板,20001213,陕西省西安市人民政府国有资产监督管理委员会,地方国企
3082,600303.SH,600303,ST曙光,辽宁,汽车整车,stsg,主板,20001226,,
3083,600305.SH,600305,恒顺醋业,江苏,食品,hscy,主板,20010206,,
3084,600307.SH,600307,酒钢宏兴,甘肃,普钢,jghx,主板,20001220,,
3085,600308.SH,600308,华泰股份,山东,造纸,htgf,主板,20000928,,
3086,600309.SH,600309,万华化学,山东,化工原料,whhx,主板,20010105,,
3087,600310.SH,600310,广西能源,广西,水力发电,gxny,主板,20010228,广西壮族自治区人民政府国有资产监督管理委员会,地方国企
3088,600312.SH,600312,平高电气,河南,电气设备,pgdq,主板,20010221,,
3089,600313.SH,600313,农发种业,北京,种植业,nfzy,主板,20010119,,
3090,600315.SH,600315,上海家化,上海,日用化工,shjh,主板,20010315,上海市国有资产监督管理委员会,地方国企
3091,600316.SH,600316,洪都航空,江西,航空,hdhk,主板,20001215,,
3092,600318.SH,600318,新力金融,安徽,多元金融,xljr,主板,20001208,黄炳均,外资企业
3093,600319.SH,600319,亚星化学,山东,化工原料,yxhx,主板,20010326,无实际控制人,无
3094,600320.SH,600320,振华重工,上海,专用机械,zhzg,主板,20001221,,
3095,600322.SH,600322,津投城开,天津,区域地产,jtck,主板,20010910,,
3096,600323.SH,600323,瀚蓝环境,广东,环境保护,hlhj,主板,20001225,,
3097,600325.SH,600325,华发股份,广东,区域地产,hfgf,主板,20040225,珠海市人民政府国有资产监督管理委员会,地方国企
3098,600326.SH,600326,西藏天路,西藏,水泥,xztl,主板,20010116,,
3099,600327.SH,600327,大东方,江苏,医疗保健,ddf,主板,20020625,,
3100,600328.SH,600328,中盐化工,内蒙,化工原料,zyhg,主板,20001222,,
3101,600329.SH,600329,达仁堂,天津,中成药,drt,主板,20010606,无实际控制人,无
3102,600330.SH,600330,天通股份,浙江,专用机械,ttgf,主板,20010118,,
3103,600331.SH,600331,宏达股份,四川,农药化肥,hdgf,主板,20011220,,
3104,600332.SH,600332,白云山,广东,中成药,bys,主板,20010206,,
3105,600333.SH,600333,长春燃气,吉林,供气供热,ccrq,主板,20001211,长春市人民政府国有资产监督管理委员会,地方国企
3106,600335.SH,600335,国机汽车,天津,汽车服务,gjqc,主板,20010305,,
3107,600336.SH,600336,澳柯玛,山东,家用电器,akm,主板,20001229,青岛市人民政府国有资产监督管理委员会,地方国企
3108,600337.SH,600337,美克家居,江西,家居用品,mkjj,主板,20001127,,
3109,600338.SH,600338,西藏珠峰,西藏,铅锌,xzzf,主板,20001227,黄瑛,民营企业
3110,600339.SH,600339,中油工程,新疆,石油开采,zygc,主板,20001225,,
3111,600340.SH,600340,华夏幸福,河北,园区开发,hxxf,主板,20031230,陈和贵,外资企业
3112,600343.SH,600343,航天动力,陕西,机械基件,htdl,主板,20030408,,
3113,600345.SH,600345,长江通信,湖北,通信设备,cjtx,主板,20001222,武汉市人民政府国有资产监督管理委员会,地方国企
3114,600346.SH,600346,恒力石化,辽宁,石油加工,hlsh,主板,20010820,大连市人民政府国有资产监督管理委员会,地方国企
3115,600348.SH,600348,华阳股份,山西,煤炭开采,hygf,主板,20030821,,
3116,600350.SH,600350,山东高速,山东,路桥,sdgs,主板,20020318,,
3117,600351.SH,600351,亚宝药业,山西,中成药,ybyy,主板,20020926,,
3118,600352.SH,600352,浙江龙盛,浙江,染料涂料,zjls,主板,20030801,阮伟祥,民营企业
3119,600353.SH,600353,旭光电子,四川,元器件,xgdz,主板,20021120,,
3120,600354.SH,600354,敦煌种业,甘肃,种植业,dhzy,主板,20040115,,
3121,600355.SH,600355,精伦电子,湖北,专用机械,jldz,主板,20020613,,
3122,600356.SH,600356,恒丰纸业,黑龙江,造纸,hfzy,主板,20010419,黑龙江省人民政府国有资产监督管理委员会,地方国企
3123,600358.SH,600358,国旅联合,江西,广告包装,gllh,主板,20000922,王春芳,民营企业
3124,600359.SH,600359,新农开发,新疆,种植业,xnkf,主板,19990429,,
3125,600360.SH,600360,ST华微,吉林,半导体,sthw,主板,20010316,,
3126,600361.SH,600361,创新新材,北京,铝,cxxc,主板,20011129,崔立新,民营企业
3127,600362.SH,600362,江西铜业,江西,铜,jxty,主板,20020111,江西省国有资产监督管理委员会,地方国企
3128,600363.SH,600363,联创光电,江西,元器件,lcgd,主板,20010329,江西省国有资产监督管理委员会,地方国企
3129,600365.SH,600365,ST通葡,吉林,互联网,sttp,主板,20010115,尹兵,外资企业
3130,600366.SH,600366,宁波韵升,浙江,矿物制品,nbys,主板,20001030,,
3131,600367.SH,600367,红星发展,贵州,化工原料,hxfz,主板,20010320,青岛市人民政府国有资产监督管理委员会,地方国企
3132,600368.SH,600368,五洲交通,广西,路桥,wzjt,主板,20001221,,
3133,600369.SH,600369,西南证券,重庆,证券,xnzq,主板,20010109,重庆市国有资产监督管理委员会,地方国企
3134,600370.SH,600370,三房巷,江苏,化工原料,sfx,主板,20030306,,
3135,600371.SH,600371,万向德农,黑龙江,种植业,wxdn,主板,20020916,,
3136,600372.SH,600372,中航机载,北京,航空,zhjz,主板,20010706,中国航空工业集团有限公司,中央国企
3137,600373.SH,600373,中文传媒,江西,出版业,zwcm,主板,20020304,,
3138,600375.SH,600375,*ST汉马,安徽,汽车整车,sthm,主板,20030401,马鞍山市人民政府,地方国企
3139,600376.SH,600376,首开股份,北京,区域地产,skgf,主板,20010312,,
3140,600377.SH,600377,宁沪高速,江苏,路桥,nhgs,主板,20010116,江苏省政府国有资产监督管理委员会,地方国企
3141,600378.SH,600378,昊华科技,四川,化工原料,hhkj,主板,20010111,国务院国有资产监督管理委员会,中央国企
3142,600379.SH,600379,宝光股份,陕西,电气设备,bggf,主板,20020116,国务院国有资产监督管理委员会,中央国企
3143,600380.SH,600380,健康元,深圳,化学制药,jky,主板,20010608,朱保国,民营企业
3144,600381.SH,600381,ST春天,青海,医疗保健,stct,主板,20010508,,
3145,600382.SH,600382,广东明珠,广东,普钢,gdmz,主板,20010118,,
3146,600383.SH,600383,金地集团,深圳,全国地产,jdjt,主板,20010412,,
3147,600386.SH,600386,北巴传媒,北京,汽车服务,bbcm,主板,20010216,,
3148,600387.SH,600387,*ST海越,浙江,石油贸易,sthy,主板,20040218,陕西省铜川市人民政府国有资产监督管理委员会,地方国企
3149,600388.SH,600388,龙净环保,福建,环境保护,ljhb,主板,20001229,闽西兴杭国有资产投资经营有限公司,地方国企
3150,600389.SH,600389,江山股份,江苏,农药化肥,jsgf,主板,20010110,,
3151,600390.SH,600390,五矿资本,湖南,多元金融,wkzb,主板,20010115,,
3152,600391.SH,600391,航发科技,四川,航空,hfkj,主板,20011212,,
3153,600392.SH,600392,盛和资源,四川,小金属,shzy,主板,20030529,,
3154,600395.SH,600395,盘江股份,贵州,煤炭开采,pjgf,主板,20010531,,
3155,600396.SH,600396,华电辽能,辽宁,火力发电,hdln,主板,20010328,,
3156,600397.SH,600397,安源煤业,江西,煤炭开采,aymy,主板,20020702,江西省国有资产监督管理委员会,地方国企
3157,600398.SH,600398,海澜之家,江苏,服饰,hlzj,主板,20001228,江阴市新桥镇人民政府,地方国企
3158,600399.SH,600399,抚顺特钢,辽宁,特种钢,fstg,主板,20001229,,
3159,600400.SH,600400,红豆股份,江苏,服饰,hdgf,主板,20010108,周海江,民营企业
3160,600403.SH,600403,大有能源,河南,煤炭开采,dyny,主板,20031009,,
3161,600405.SH,600405,动力源,北京,电气设备,dly,主板,20040401,,
3162,600406.SH,600406,国电南瑞,江苏,电气设备,gdnr,主板,20031016,,
3163,600408.SH,600408,安泰集团,山西,焦炭加工,atjt,主板,20030212,,
3164,600409.SH,600409,三友化工,河北,化纤,syhg,主板,20030618,,
3165,600410.SH,600410,华胜天成,北京,软件服务,hstc,主板,20040427,,
3166,600415.SH,600415,小商品城,浙江,商品城,xspc,主板,20020509,,
3167,600416.SH,600416,湘电股份,湖南,电气设备,xdgf,主板,20020718,,
3168,600418.SH,600418,江淮汽车,安徽,汽车整车,jhqc,主板,20010824,,
3169,600419.SH,600419,天润乳业,新疆,乳制品,trry,主板,20010628,,
3170,600420.SH,600420,国药现代,上海,化学制药,gyxd,主板,20040616,,
3171,600421.SH,600421,华嵘控股,湖北,专用机械,hrkg,主板,20040607,,
3172,600422.SH,600422,昆药集团,云南,中成药,kyjt,主板,20001206,中国华润有限公司,中央国企
3173,600423.SH,600423,柳化股份,广西,农药化肥,lhgf,主板,20030717,柳州市人民政府国有资产监督管理委员会,地方国企
3174,600425.SH,600425,青松建化,新疆,水泥,qsjh,主板,20030724,,
3175,600426.SH,600426,华鲁恒升,山东,农药化肥,hlhs,主板,20020620,,
3176,600428.SH,600428,中远海特,广东,水运,zyht,主板,20020418,,
3177,600429.SH,600429,三元股份,北京,乳制品,sygf,主板,20030915,北京市人民政府国有资产监督管理委员会,地方国企
3178,600433.SH,600433,冠豪高新,广东,造纸,ghgx,主板,20030619,,
3179,600435.SH,600435,北方导航,北京,专用机械,bfdh,主板,20030704,,
3180,600436.SH,600436,片仔癀,福建,中成药,pzh,主板,20030616,,
3181,600438.SH,600438,通威股份,四川,电气设备,twgf,主板,20040302,,
3182,600439.SH,600439,瑞贝卡,河南,服饰,rbk,主板,20030710,,
3183,600444.SH,600444,国机通用,安徽,专用机械,gjty,主板,20040219,合肥市人民政府国有资产监督管理委员会,地方国企
3184,600446.SH,600446,金证股份,深圳,软件服务,jzgf,主板,20031224,无实际控制人,无
3185,600448.SH,600448,华纺股份,山东,纺织,hfgf,主板,20010903,滨州市人民政府国有资产监督管理委员会,地方国企
3186,600449.SH,600449,宁夏建材,宁夏,水泥,nxjc,主板,20030829,国务院国有资产监督管理委员会,中央国企
3187,600452.SH,600452,涪陵电力,重庆,水力发电,fldl,主板,20040303,重庆市涪陵区国有资产监督管理委员会,地方国企
3188,600455.SH,600455,博通股份,陕西,文教休闲,btgf,主板,20040329,,
3189,600456.SH,600456,宝钛股份,陕西,小金属,btgf,主板,20020412,,
3190,600458.SH,600458,时代新材,湖南,塑料,sdxc,主板,20021219,,
3191,600459.SH,600459,贵研铂业,云南,小金属,gyby,主板,20030516,,
3192,600460.SH,600460,士兰微,浙江,半导体,slw,主板,20030311,,
3193,600461.SH,600461,洪城环境,江西,水务,hchj,主板,20040601,江西省南昌市人民政府国有资产监督管理委员会,地方国企
3194,600462.SH,600462,*ST九有,湖北,广告包装,stjy,主板,20030903,李明,民营企业
3195,600463.SH,600463,空港股份,北京,园区开发,kggf,主板,20040318,,
3196,600467.SH,600467,好当家,山东,渔业,hdj,主板,20040405,,
3197,600468.SH,600468,百利电气,天津,电气设备,bldq,主板,20010615,,
3198,600469.SH,600469,风神股份,河南,汽车配件,fsgf,主板,20031021,国务院国有资产监督管理委员会,中央国企
3199,600470.SH,600470,六国化工,安徽,农药化肥,lghg,主板,20040305,无实际控制人,无
3200,600475.SH,600475,华光环能,江苏,环境保护,hghn,主板,20030721,无锡市人民政府国有资产监督管理委员会,地方国企
3201,600476.SH,600476,湘邮科技,湖南,软件服务,xykj,主板,20031210,中华人民共和国中央人民政府,中央国企
3202,600477.SH,600477,杭萧钢构,浙江,钢加工,hxgg,主板,20031110,,
3203,600478.SH,600478,科力远,湖南,电气设备,kly,主板,20030918,,
3204,600479.SH,600479,千金药业,湖南,中成药,qjyy,主板,20040312,株洲市人民政府国有资产监督管理委员会,地方国企
3205,600480.SH,600480,凌云股份,河北,汽车配件,lygf,主板,20030815,,
3206,600481.SH,600481,双良节能,江苏,电气设备,sljn,主板,20030422,,
3207,600482.SH,600482,中国动力,河北,船舶,zgdl,主板,20040714,,
3208,600483.SH,600483,福能股份,福建,火力发电,fngf,主板,20040531,,
3209,600486.SH,600486,扬农化工,江苏,农药化肥,ynhg,主板,20020425,国务院国有资产监督管理委员会,中央国企
3210,600487.SH,600487,亨通光电,江苏,通信设备,htgd,主板,20030822,,
3211,600488.SH,600488,津药药业,天津,化学制药,jyyy,主板,20010618,无实际控制人,无
3212,600489.SH,600489,中金黄金,北京,黄金,zjhj,主板,20030814,,
3213,600490.SH,600490,鹏欣资源,上海,铜,pxzy,主板,20030626,,
3214,600491.SH,600491,龙元建设,浙江,建筑工程,lyjs,主板,20040524,,
3215,600493.SH,600493,凤竹纺织,福建,纺织,fzfz,主板,20040421,,
3216,600495.SH,600495,晋西车轴,山西,运输设备,jxcz,主板,20040526,,
3217,600496.SH,600496,精工钢构,安徽,钢加工,jggg,主板,20020605,方朝阳,民营企业
3218,600497.SH,600497,驰宏锌锗,云南,铅锌,chxz,主板,20040420,,
3219,600498.SH,600498,烽火通信,湖北,通信设备,fhtx,主板,20010823,,
3220,600499.SH,600499,科达制造,广东,专用机械,kdzz,主板,20021010,,
3221,600500.SH,600500,中化国际,上海,塑料,zhgj,主板,20000301,,
3222,600501.SH,600501,航天晨光,江苏,专用机械,htcg,主板,20010615,,
3223,600502.SH,600502,安徽建工,安徽,建筑工程,ahjg,主板,20030415,,
3224,600503.SH,600503,华丽家族,上海,区域地产,hljz,主板,20020709,,
3225,600505.SH,600505,西昌电力,四川,水力发电,xcdl,主板,20020530,国务院国有资产监督管理委员会,中央国企
3226,600506.SH,600506,统一股份,新疆,石油加工,tygf,主板,20011226,,
3227,600507.SH,600507,方大特钢,江西,特种钢,fdtg,主板,20030930,,
3228,600508.SH,600508,上海能源,上海,煤炭开采,shny,主板,20010829,,
3229,600509.SH,600509,天富能源,新疆,火力发电,tfny,主板,20020228,,
3230,600510.SH,600510,黑牡丹,江苏,全国地产,hmd,主板,20020618,常州国家高新技术产业开发区(新北区)党政办公室,地方国企
3231,600511.SH,600511,国药股份,北京,医药商业,gygf,主板,20021127,,
3232,600512.SH,600512,腾达建设,浙江,建筑工程,tdjs,主板,20021226,,
3233,600513.SH,600513,联环药业,江苏,化学制药,lhyy,主板,20030319,,
3234,600515.SH,600515,海南机场,海南,机场,hnjc,主板,20020806,海南省国有资产监督管理委员会,地方国企
3235,600516.SH,600516,方大炭素,甘肃,矿物制品,fdts,主板,20020830,,
3236,600517.SH,600517,国网英大,上海,多元金融,gwyd,主板,20031010,国网电力科学研究院有限公司,中央国企
3237,600518.SH,600518,康美药业,广东,中成药,kmyy,主板,20010319,无实际控制人,无
3238,600519.SH,600519,贵州茅台,贵州,白酒,gzmt,主板,20010827,,
3239,600520.SH,600520,文一科技,安徽,半导体,wykj,主板,20020108,,
3240,600521.SH,600521,华海药业,浙江,化学制药,hhyy,主板,20030304,,
3241,600522.SH,600522,中天科技,江苏,通信设备,ztkj,主板,20021024,,
3242,600523.SH,600523,贵航股份,贵州,汽车配件,ghgf,主板,20011227,,
3243,600525.SH,600525,长园集团,深圳,电气设备,cyjt,主板,20021202,李嘉诚,外资企业
3244,600526.SH,600526,菲达环保,浙江,环境保护,fdhb,主板,20020722,,
3245,600527.SH,600527,江南高纤,江苏,化纤,jngx,主板,20031127,,
3246,600528.SH,600528,中铁工业,北京,运输设备,ztgy,主板,20010528,,
3247,600529.SH,600529,山东药玻,山东,医疗保健,sdyb,主板,20020603,沂源县行政事业单位国有资产管理办公室,地方国企
3248,600530.SH,600530,交大昂立,上海,医疗保健,jdal,主板,20010702,嵇霖,民营企业
3249,600531.SH,600531,豫光金铅,河南,铅锌,ygjq,主板,20020730,济源市人民政府,地方国企
3250,600533.SH,600533,栖霞建设,江苏,区域地产,qxjs,主板,20020328,,
3251,600535.SH,600535,天士力,天津,中成药,tsl,主板,20020823,,
3252,600536.SH,600536,中国软件,北京,软件服务,zgrj,主板,20020517,,
3253,600537.SH,600537,亿晶光电,浙江,电气设备,yjgd,主板,20030123,古汉宁,民营企业
3254,600538.SH,600538,国发股份,广西,医药商业,gfgf,主板,20030114,,
3255,600539.SH,600539,狮头股份,山西,互联网,stgf,主板,20010824,太原市人民政府国有资产监督管理委员会,地方国企
3256,600540.SH,600540,新赛股份,新疆,种植业,xsgf,主板,20040107,,
3257,600543.SH,600543,莫高股份,甘肃,红黄酒,mggf,主板,20040324,,
3258,600545.SH,600545,卓郎智能,新疆,纺织机械,zlzn,主板,20031203,乌鲁木齐市国有资产监督管理委员会,地方国企
3259,600546.SH,600546,山煤国际,山西,煤炭开采,smgj,主板,20030731,,
3260,600547.SH,600547,山东黄金,山东,黄金,sdhj,主板,20030828,,
3261,600548.SH,600548,深高速,深圳,路桥,sgs,主板,20011225,深圳市人民政府国有资产监督管理委员会,地方国企
3262,600549.SH,600549,厦门钨业,福建,小金属,xmwy,主板,20021107,,
3263,600550.SH,600550,保变电气,河北,电气设备,bbdq,主板,20010228,,
3264,600551.SH,600551,时代出版,安徽,出版业,sdcb,主板,20020905,,
3265,600552.SH,600552,凯盛科技,安徽,元器件,kskj,主板,20021108,,
3266,600556.SH,600556,天下秀,广西,互联网,txx,主板,20010807,,
3267,600557.SH,600557,康缘药业,江苏,中成药,kyyy,主板,20020918,,
3268,600558.SH,600558,大西洋,四川,钢加工,dxy,主板,20010227,,
3269,600559.SH,600559,老白干酒,河北,白酒,lbgj,主板,20021029,,
3270,600560.SH,600560,金自天正,北京,电气设备,jztz,主板,20020919,,
3271,600561.SH,600561,江西长运,江西,公共交通,jxcy,主板,20020716,江西省南昌市人民政府国有资产监督管理委员会,地方国企
3272,600562.SH,600562,国睿科技,江苏,通信设备,grkj,主板,20030128,,
3273,600563.SH,600563,法拉电子,福建,元器件,fldz,主板,20021210,厦门市法拉发展有限公司,集体企业
3274,600566.SH,600566,济川药业,湖北,中成药,jcyy,主板,20010822,,
3275,600567.SH,600567,山鹰国际,安徽,造纸,sygj,主板,20011218,马鞍山市人民政府,地方国企
3276,600568.SH,600568,ST中珠,湖北,医疗保健,stzz,主板,20010518,无实际控制人,无
3277,600569.SH,600569,安阳钢铁,河南,普钢,aygt,主板,20010820,,
3278,600570.SH,600570,恒生电子,浙江,软件服务,hsdz,主板,20031216,无实际控制人,无
3279,600571.SH,600571,信雅达,浙江,软件服务,xyd,主板,20021101,,
3280,600572.SH,600572,康恩贝,浙江,中成药,keb,主板,20040412,浙江省人民政府国有资产监督管理委员会,地方国企
3281,600573.SH,600573,惠泉啤酒,福建,啤酒,hqpj,主板,20030226,,
3282,600575.SH,600575,淮河能源,安徽,火力发电,hhny,主板,20030328,,
3283,600576.SH,600576,祥源文旅,浙江,旅游景点,xywl,主板,20030220,,
3284,600577.SH,600577,精达股份,安徽,电气设备,jdgf,主板,20020911,,
3285,600578.SH,600578,京能电力,北京,火力发电,jndl,主板,20020510,北京国有资本运营管理有限公司,地方国企
3286,600579.SH,600579,克劳斯,山东,化工机械,kls,主板,20020809,国务院国有资产监督管理委员会,中央国企
3287,600580.SH,600580,卧龙电驱,浙江,电气设备,wldq,主板,20020606,,
3288,600581.SH,600581,八一钢铁,新疆,普钢,bygt,主板,20020816,,
3289,600582.SH,600582,天地科技,北京,专用机械,tdkj,主板,20020515,,
3290,600583.SH,600583,海油工程,天津,石油开采,hygc,主板,20020205,,
3291,600584.SH,600584,长电科技,江苏,半导体,cdkj,主板,20030603,,
3292,600585.SH,600585,海螺水泥,安徽,水泥,hlsn,主板,20020207,,
3293,600586.SH,600586,金晶科技,山东,玻璃,jjkj,主板,20020815,,
3294,600587.SH,600587,新华医疗,山东,医疗保健,xhyl,主板,20020927,淄博市财政局,地方国企
3295,600588.SH,600588,用友网络,北京,软件服务,yywl,主板,20010518,,
3296,600589.SH,600589,广东榕泰,广东,软件服务,gdrt,主板,20010612,杨宝生,民营企业
3297,600590.SH,600590,泰豪科技,江西,通信设备,thkj,主板,20020703,,
3298,600592.SH,600592,龙溪股份,福建,机械基件,lxgf,主板,20020805,,
3299,600593.SH,600593,大连圣亚,辽宁,旅游景点,dlsy,主板,20020711,大连市人民政府国有资产监督管理委员会,地方国企
3300,600594.SH,600594,益佰制药,贵州,中成药,ybzy,主板,20040323,,
3301,600595.SH,600595,中孚实业,河南,铝,zfsy,主板,20020626,,
3302,600596.SH,600596,新安股份,浙江,化工原料,xagf,主板,20010906,,
3303,600597.SH,600597,光明乳业,上海,乳制品,gmry,主板,20020828,上海市国有资产监督管理委员会,地方国企
3304,600598.SH,600598,北大荒,黑龙江,种植业,bdh,主板,20020329,,
3305,600599.SH,600599,ST熊猫,湖南,化工原料,stxm,主板,20010828,,
3306,600600.SH,600600,青岛啤酒,山东,啤酒,qdpj,主板,19930827,青岛市人民政府国有资产监督管理委员会,地方国企
3307,600601.SH,600601,方正科技,上海,元器件,fzkj,主板,19901219,无实际控制人,无
3308,600602.SH,600602,云赛智联,上海,软件服务,yszl,主板,19901219,上海市国有资产监督管理委员会,地方国企
3309,600603.SH,600603,ST广物,四川,区域地产,stgw,主板,19920113,,
3310,600604.SH,600604,市北高新,上海,园区开发,sbgx,主板,19920327,上海市国有资产监督管理委员会,地方国企
3311,600605.SH,600605,汇通能源,上海,房产服务,htny,主板,19920327,,
3312,600606.SH,600606,绿地控股,上海,全国地产,ldkg,主板,19920327,上海市国有资产监督管理委员会,地方国企
3313,600608.SH,600608,ST沪科,上海,商贸代理,sthk,主板,19920327,无锡国联产业投资私募基金管理有限公司,地方国企
3314,600609.SH,600609,金杯汽车,辽宁,汽车配件,jbqc,主板,19920724,,
3315,600610.SH,600610,中毅达,贵州,化工原料,zyd,主板,19920805,上海市国有资产监督管理委员会,地方国企
3316,600611.SH,600611,大众交通,上海,公共交通,dzjt,主板,19920807,,
3317,600612.SH,600612,老凤祥,上海,服饰,lfx,主板,19920814,上海市黄浦区国有资产监督管理委员会(上海市黄浦区集体资产监督管理委员会),地方国企
3318,600613.SH,600613,神奇制药,上海,中成药,sqzy,主板,19920820,,
3319,600615.SH,600615,丰华股份,重庆,铝,fhgf,主板,19920910,江鸣,外资企业
3320,600616.SH,600616,金枫酒业,上海,红黄酒,jfjy,主板,19920929,上海市国有资产监督管理委员会,地方国企
3321,600617.SH,600617,国新能源,山西,供气供热,gxny,主板,19921013,,
3322,600618.SH,600618,氯碱化工,上海,化工原料,ljhg,主板,19921113,上海市国有资产监督管理委员会,地方国企
3323,600619.SH,600619,海立股份,上海,家用电器,hlgf,主板,19921116,上海电气控股集团有限公司,地方国企
3324,600620.SH,600620,天宸股份,上海,综合类,tcgf,主板,19921117,叶茂菁,外资企业
3325,600621.SH,600621,华鑫股份,上海,证券,hxgf,主板,19921202,上海市国有资产监督管理委员会,地方国企
3326,600622.SH,600622,光大嘉宝,上海,区域地产,gdjb,主板,19921203,,
3327,600623.SH,600623,华谊集团,上海,化工原料,hyjt,主板,19921204,上海市国有资产监督管理委员会,地方国企
3328,600624.SH,600624,复旦复华,上海,化学制药,fdfh,主板,19930105,上海市奉贤区人民政府国有资产监督管理委员会,地方国企
3329,600626.SH,600626,申达股份,上海,汽车配件,sdgf,主板,19930107,上海市国有资产监督管理委员会,地方国企
3330,600628.SH,600628,新世界,上海,百货,xsj,主板,19930119,上海市黄浦区国有资产监督管理委员会(上海市黄浦区集体资产监督管理委员会),地方国企
3331,600629.SH,600629,华建集团,上海,建筑工程,hjjt,主板,19930209,上海市国有资产监督管理委员会,地方国企
3332,600630.SH,600630,龙头股份,上海,服饰,ltgf,主板,19930209,上海市国有资产监督管理委员会,地方国企
3333,600633.SH,600633,浙数文化,浙江,互联网,zswh,主板,19930304,浙江日报报业集团(浙江日报社),地方国企
3334,600635.SH,600635,大众公用,上海,供气供热,dzgy,主板,19930304,,
3335,600636.SH,600636,国新文化,上海,文教休闲,gxwh,主板,19930316,上海市国有资产监督管理委员会,地方国企
3336,600637.SH,600637,东方明珠,上海,影视音像,dfmz,主板,19930316,上海市国有资产监督管理委员会,地方国企
3337,600638.SH,600638,新黄浦,上海,区域地产,xhp,主板,19930326,中华人民共和国财政部,中央国企
3338,600639.SH,600639,浦东金桥,上海,园区开发,pdjq,主板,19930326,上海市国有资产监督管理委员会,地方国企
3339,600640.SH,600640,国脉文化,上海,影视音像,gmwh,主板,19930407,,
3340,600641.SH,600641,万业企业,上海,区域地产,wyqy,主板,19930407,,
3341,600642.SH,600642,申能股份,上海,火力发电,sngf,主板,19930416,上海市国有资产监督管理委员会,地方国企
3342,600643.SH,600643,爱建集团,上海,多元金融,ajjt,主板,19930426,,
3343,600644.SH,600644,乐山电力,四川,水力发电,lsdl,主板,19930426,,
3344,600645.SH,600645,中源协和,天津,医疗保健,zyxh,主板,19930504,陈春梅,民营企业
3345,600648.SH,600648,外高桥,上海,园区开发,wgq,主板,19930504,上海市浦东新区国有资产监督管理委员会,地方国企
3346,600649.SH,600649,城投控股,上海,区域地产,ctkg,主板,19930518,上海市国有资产监督管理委员会,地方国企
3347,600650.SH,600650,锦江在线,上海,公共交通,jjzx,主板,19930607,上海市国有资产监督管理委员会,地方国企
3348,600651.SH,600651,飞乐音响,上海,电器仪表,flyx,主板,19901219,上海市国有资产监督管理委员会,地方国企
3349,600653.SH,600653,申华控股,辽宁,汽车服务,shkg,主板,19901219,,
3350,600654.SH,600654,中安科,湖北,仓储物流,zak,主板,19901219,上海市国有资产监督管理委员会,地方国企
3351,600655.SH,600655,豫园股份,上海,百货,yygf,主板,19920902,,
3352,600657.SH,600657,信达地产,北京,全国地产,xddc,主板,19930524,,
3353,600658.SH,600658,电子城,北京,园区开发,dzc,主板,19930524,,
3354,600660.SH,600660,福耀玻璃,福建,汽车配件,fybl,主板,19930610,曹德旺,外资企业
3355,600661.SH,600661,昂立教育,上海,文教休闲,aljy,主板,19930614,,
3356,600662.SH,600662,外服控股,上海,文教休闲,wfkg,主板,19930614,上海市国有资产监督管理委员会,地方国企
3357,600663.SH,600663,陆家嘴,上海,园区开发,ljz,主板,19930628,上海市国有资产监督管理委员会,地方国企
3358,600664.SH,600664,哈药股份,黑龙江,化学制药,hygf,主板,19930629,黑龙江省哈尔滨市人民政府国有资产监督管理委员会,地方国企
3359,600665.SH,600665,天地源,陕西,全国地产,tdy,主板,19930709,西安市人民政府,地方国企
3360,600666.SH,600666,奥瑞德,黑龙江,元器件,ard,主板,19930712,重庆市涪陵区国有资产监督管理委员会,地方国企
3361,600667.SH,600667,太极实业,江苏,半导体,tjsy,主板,19930728,无锡市人民政府国有资产监督管理委员会,地方国企
3362,600668.SH,600668,尖峰集团,浙江,水泥,jfjt,主板,19930728,,
3363,600671.SH,600671,ST目药,浙江,中成药,stmy,主板,19930823,赵锐勇,民营企业
3364,600673.SH,600673,东阳光,广东,综合类,dyg,主板,19930917,郭梅兰,民营企业
3365,600674.SH,600674,川投能源,四川,水力发电,ctny,主板,19930924,四川省政府国有资产监督管理委员会,地方国企
3366,600675.SH,600675,中华企业,上海,区域地产,zhqy,主板,19930924,上海市国有资产监督管理委员会,地方国企
3367,600676.SH,600676,交运股份,上海,汽车配件,jygf,主板,19930928,上海市国有资产监督管理委员会,地方国企
3368,600678.SH,600678,四川金顶,四川,水泥,scjd,主板,19931008,洛阳市老城区财政局,地方国企
3369,600679.SH,600679,上海凤凰,上海,文教休闲,shfh,主板,19931008,上海市国有资产监督管理委员会,地方国企
3370,600681.SH,600681,百川能源,湖北,供气供热,bcny,主板,19931018,,
3371,600682.SH,600682,南京新百,江苏,生物制药,njxb,主板,19931018,,
3372,600683.SH,600683,京投发展,浙江,区域地产,jtfz,主板,19931025,,
3373,600684.SH,600684,珠江股份,广东,区域地产,zjgf,主板,19931028,,
3374,600685.SH,600685,中船防务,广东,船舶,zcfw,主板,19931028,,
3375,600686.SH,600686,金龙汽车,福建,汽车整车,jlqc,主板,19931108,,
3376,600688.SH,600688,上海石化,上海,石油加工,shsh,主板,19931108,,
3377,600689.SH,600689,上海三毛,上海,综合类,shsm,主板,19931108,重庆市国有资产监督管理委员会,地方国企
3378,600690.SH,600690,海尔智家,山东,家用电器,hezj,主板,19931119,,
3379,600691.SH,600691,阳煤化工,山西,农药化肥,ymhg,主板,19931119,,
3380,600692.SH,600692,亚通股份,上海,区域地产,ytgf,主板,19931119,,
3381,600693.SH,600693,东百集团,福建,百货,dbjt,主板,19931122,施文义,外资企业
3382,600694.SH,600694,大商股份,辽宁,百货,dsgf,主板,19931122,大连市人民政府国有资产监督管理委员会,地方国企
3383,600696.SH,600696,岩石股份,上海,白酒,ysgf,主板,19931206,陈隆基,外资企业
3384,600697.SH,600697,欧亚集团,吉林,百货,oyjt,主板,19931206,长春市人民政府国有资产监督管理委员会,地方国企
3385,600698.SH,600698,湖南天雁,湖南,汽车配件,hnty,主板,19931206,,
3386,600699.SH,600699,均胜电子,浙江,汽车配件,jsdz,主板,19931206,辽源市财政局(辽源市人民政府国有资产监督管理委员会),地方国企
3387,600702.SH,600702,舍得酒业,四川,白酒,sdjy,主板,19960524,射洪县人民政府,地方国企
3388,600703.SH,600703,三安光电,湖北,半导体,sagd,主板,19960528,,
3389,600704.SH,600704,物产中大,浙江,仓储物流,wczd,主板,19960606,,
3390,600705.SH,600705,中航产融,黑龙江,多元金融,zhcr,主板,19960516,,
3391,600706.SH,600706,曲江文旅,陕西,旅游景点,qjwl,主板,19960516,,
3392,600707.SH,600707,彩虹股份,陕西,元器件,chgf,主板,19960520,咸阳市国有资产监督管理委员会,地方国企
3393,600708.SH,600708,光明地产,上海,全国地产,gmdc,主板,19960606,上海市国有资产监督管理委员会,地方国企
3394,600710.SH,600710,苏美达,江苏,商贸代理,smd,主板,19960701,,
3395,600711.SH,600711,ST盛屯,福建,小金属,stst,主板,19960531,,
3396,600712.SH,600712,南宁百货,广西,百货,nnbh,主板,19960626,,
3397,600713.SH,600713,南京医药,江苏,医药商业,njyy,主板,19960701,,
3398,600714.SH,600714,金瑞矿业,青海,化工原料,jrky,主板,19960606,无实际控制人,无
3399,600715.SH,600715,*ST文投,北京,影视音像,stwt,主板,19960701,北京市国有文化资产管理中心,地方国企
3400,600716.SH,600716,凤凰股份,江苏,区域地产,fhgf,主板,19960702,,
3401,600717.SH,600717,天津港,天津,港口,tjg,主板,19960614,,
3402,600718.SH,600718,东软集团,辽宁,软件服务,drjt,主板,19960618,,
3403,600719.SH,600719,大连热电,辽宁,供气供热,dlrd,主板,19960716,大连市人民政府国有资产监督管理委员会,地方国企
3404,600720.SH,600720,中交设计,甘肃,建筑工程,zjsj,主板,19960716,国务院国有资产监督管理委员会,中央国企
3405,600721.SH,600721,百花医药,新疆,生物制药,bhyy,主板,19960626,米恩华,民营企业
3406,600722.SH,600722,金牛化工,河北,化工原料,jnhg,主板,19960626,,
3407,600724.SH,600724,宁波富达,浙江,综合类,nbfd,主板,19960716,,
3408,600725.SH,600725,云维股份,云南,商贸代理,ywgf,主板,19960702,,
3409,600726.SH,600726,华电能源,黑龙江,火力发电,hdny,主板,19960701,,
3410,600727.SH,600727,鲁北化工,山东,化工原料,lbhg,主板,19960702,无棣县财政局,地方国企
3411,600728.SH,600728,佳都科技,广东,软件服务,jdkj,主板,19960716,,
3412,600729.SH,600729,重庆百货,重庆,百货,cqbh,主板,19960702,重庆市国有资产监督管理委员会,地方国企
3413,600730.SH,600730,中国高科,北京,文教休闲,zggk,主板,19960726,无实际控制人,无
3414,600731.SH,600731,湖南海利,湖南,农药化肥,hnhl,主板,19960802,,
3415,600732.SH,600732,爱旭股份,上海,电气设备,axgf,主板,19960816,陈刚,民营企业
3416,600733.SH,600733,北汽蓝谷,北京,汽车整车,bqlg,主板,19960816,,
3417,600734.SH,600734,实达集团,福建,软件服务,sdjt,主板,19960808,景百孚,外资企业
3418,600735.SH,600735,新华锦,山东,服饰,xhj,主板,19960726,,
3419,600736.SH,600736,苏州高新,江苏,园区开发,szgx,主板,19960815,苏州国家高新技术产业开发区管理委员会(苏州市虎丘区人民政府),地方国企
3420,600737.SH,600737,中粮糖业,新疆,食品,zlty,主板,19960731,,
3421,600738.SH,600738,丽尚国潮,甘肃,百货,lsgc,主板,19960802,丽水经济技术开发区管理委员会,地方国企
3422,600739.SH,600739,辽宁成大,辽宁,生物制药,lncd,主板,19960819,,
3423,600740.SH,600740,山西焦化,山西,焦炭加工,sxjh,主板,19960808,,
3424,600741.SH,600741,华域汽车,上海,汽车配件,hyqc,主板,19960826,上海市国有资产监督管理委员会,地方国企
3425,600742.SH,600742,一汽富维,吉林,汽车配件,yqfw,主板,19960826,吉林省人民政府国有资产监督管理委员会,地方国企
3426,600743.SH,600743,华远地产,北京,区域地产,hydc,主板,19960909,,
3427,600744.SH,600744,华银电力,湖南,火力发电,hydl,主板,19960905,,
3428,600745.SH,600745,闻泰科技,湖北,半导体,wtkj,主板,19960828,,
3429,600746.SH,600746,江苏索普,江苏,化工原料,jssp,主板,19960918,,
3430,600748.SH,600748,上实发展,上海,全国地产,ssfz,主板,19960925,上海市国有资产监督管理委员会,地方国企
3431,600749.SH,600749,西藏旅游,西藏,旅游景点,xzly,主板,19961015,,
3432,600750.SH,600750,江中药业,江西,中成药,jzyy,主板,19960923,江西省国有资产监督管理委员会,地方国企
3433,600751.SH,600751,海航科技,天津,水运,hhkj,主板,19960909,海南省国有资产监督管理委员会,地方国企
3434,600753.SH,600753,庚星股份,福建,商贸代理,gxgf,主板,19960927,,
3435,600754.SH,600754,锦江酒店,上海,酒店餐饮,jjjd,主板,19961011,上海市国有资产监督管理委员会,地方国企
3436,600755.SH,600755,厦门国贸,福建,仓储物流,xmgm,主板,19961003,厦门市人民政府国有资产监督管理委员会,地方国企
3437,600756.SH,600756,浪潮软件,山东,软件服务,lcrj,主板,19960923,,
3438,600757.SH,600757,长江传媒,湖北,出版业,cjcm,主板,19961003,,
3439,600758.SH,600758,辽宁能源,辽宁,煤炭开采,lnny,主板,19961029,,
3440,600759.SH,600759,洲际油气,海南,石油开采,zjyq,主板,19961008,陈隆基,外资企业
3441,600760.SH,600760,中航沈飞,山东,航空,zhsf,主板,19961011,,
3442,600761.SH,600761,安徽合力,安徽,工程机械,ahhl,主板,19961009,,
3443,600763.SH,600763,通策医疗,浙江,医疗保健,tcyl,主板,19961030,吕建明,外资企业
3444,600764.SH,600764,中国海防,北京,船舶,zghf,主板,19961104,,
3445,600765.SH,600765,中航重机,贵州,航空,zhzj,主板,19961106,中国航空工业集团有限公司,中央国企
3446,600768.SH,600768,宁波富邦,浙江,铝,nbfb,主板,19961111,宋汉平,民营企业
3447,600769.SH,600769,祥龙电业,湖北,水务,xldy,主板,19961101,武汉市人民政府国有资产监督管理委员会,地方国企
3448,600770.SH,600770,综艺股份,江苏,综合类,zygf,主板,19961120,,
3449,600771.SH,600771,广誉远,山西,中成药,gyy,主板,19961105,山西省人民政府国有资产监督管理委员会,地方国企
3450,600773.SH,600773,西藏城投,西藏,区域地产,xzct,主板,19961108,上海市静安区国有资产监督管理委员会(上海市静安区集体资产监督管理委员会),地方国企
3451,600774.SH,600774,汉商集团,湖北,化学制药,hsjt,主板,19961108,武汉市汉阳区国有资产监督管理办公室,地方国企
3452,600775.SH,600775,南京熊猫,江苏,通信设备,njxm,主板,19961118,,
3453,600776.SH,600776,东方通信,浙江,通信设备,dftx,主板,19961126,中国普天信息产业集团有限公司,中央国企
3454,600777.SH,600777,ST新潮,山东,石油开采,stxc,主板,19961121,,
3455,600778.SH,600778,友好集团,新疆,百货,yhjt,主板,19961203,乌鲁木齐市国有资产监督管理委员会,地方国企
3456,600779.SH,600779,水井坊,四川,白酒,sjf,主板,19961206,Diageo Plc,外资企业
3457,600780.SH,600780,通宝能源,山西,火力发电,tbny,主板,19961205,,
3458,600782.SH,600782,新钢股份,江西,普钢,xggf,主板,19961225,江西省国有资产监督管理委员会,地方国企
3459,600783.SH,600783,鲁信创投,山东,多元金融,lxct,主板,19961225,山东省人民政府,地方国企
3460,600784.SH,600784,鲁银投资,山东,综合类,lytz,主板,19961225,,
3461,600785.SH,600785,新华百货,宁夏,百货,xhbh,主板,19970108,,
3462,600787.SH,600787,中储股份,天津,仓储物流,zcgf,主板,19970121,,
3463,600789.SH,600789,鲁抗医药,山东,化学制药,lkyy,主板,19970226,,
3464,600790.SH,600790,轻纺城,浙江,商品城,qfc,主板,19970228,,
3465,600791.SH,600791,京能置业,北京,全国地产,jnzy,主板,19970130,,
3466,600792.SH,600792,云煤能源,云南,焦炭加工,ymny,主板,19970123,,
3467,600793.SH,600793,宜宾纸业,四川,造纸,ybzy,主板,19970220,宜宾发展控股集团有限公司,地方国企
3468,600794.SH,600794,保税科技,江苏,仓储物流,bskj,主板,19970306,,
3469,600795.SH,600795,国电电力,辽宁,火力发电,gddl,主板,19970318,,
3470,600796.SH,600796,钱江生化,浙江,环境保护,qjsh,主板,19970408,海宁市财政局(海宁市人民政府国有资产监督管理办公室),地方国企
3471,600797.SH,600797,浙大网新,浙江,软件服务,zdwx,主板,19970418,无实际控制人,无
3472,600798.SH,600798,宁波海运,浙江,水运,nbhy,主板,19970423,浙江省人民政府国有资产监督管理委员会,地方国企
3473,600800.SH,600800,渤海化学,天津,化工原料,bhhx,主板,19931206,,
3474,600801.SH,600801,华新水泥,湖北,水泥,hxsn,主板,19940103,Holcim Ltd.,外资企业
3475,600802.SH,600802,福建水泥,福建,水泥,fjsn,主板,19940103,福建省人民政府国有资产监督管理委员会,地方国企
3476,600803.SH,600803,新奥股份,河北,供气供热,xagf,主板,19940103,,
3477,600804.SH,600804,*ST鹏博,山东,电信运营,stpb,主板,19940103,,
3478,600805.SH,600805,悦达投资,江苏,综合类,ydtz,主板,19940103,江苏省政府国有资产监督管理委员会,地方国企
3479,600807.SH,600807,济南高新,山东,医疗保健,jngx,主板,19940103,无实际控制人,无
3480,600808.SH,600808,马钢股份,安徽,普钢,mggf,主板,19940106,国务院国有资产监督管理委员会,中央国企
3481,600809.SH,600809,山西汾酒,山西,白酒,sxfj,主板,19940106,,
3482,600810.SH,600810,神马股份,河南,化纤,smgf,主板,19940106,河南省人民政府国有资产监督管理委员会,地方国企
3483,600811.SH,600811,东方集团,黑龙江,农业综合,dfjt,主板,19940106,,
3484,600812.SH,600812,华北制药,河北,化学制药,hbzy,主板,19940114,,
3485,600814.SH,600814,杭州解百,浙江,百货,hzjb,主板,19940114,,
3486,600815.SH,600815,厦工股份,福建,工程机械,xggf,主板,19940128,厦门市人民政府国有资产监督管理委员会,地方国企
3487,600816.SH,600816,建元信托,上海,多元金融,jyxt,主板,19940128,无实际控制人,无
3488,600817.SH,600817,宇通重工,河南,专用机械,ytzg,主板,19940128,汤玉祥,民营企业
3489,600818.SH,600818,中路股份,上海,文教休闲,zlgf,主板,19940128,,
3490,600819.SH,600819,耀皮玻璃,上海,玻璃,ypbl,主板,19940128,上海市国有资产监督管理委员会,地方国企
3491,600820.SH,600820,隧道股份,上海,建筑工程,sdgf,主板,19940128,上海市国有资产监督管理委员会,地方国企
3492,600821.SH,600821,金开新能,天津,新型电力,jkxn,主板,19940128,,
3493,600822.SH,600822,上海物贸,上海,汽车服务,shwm,主板,19940204,上海市国有资产监督管理委员会,地方国企
3494,600824.SH,600824,益民集团,上海,百货,ymjt,主板,19940204,上海市黄浦区国有资产监督管理委员会(上海市黄浦区集体资产监督管理委员会),地方国企
3495,600825.SH,600825,新华传媒,上海,出版业,xhcm,主板,19940204,上海市国有资产监督管理委员会,地方国企
3496,600826.SH,600826,兰生股份,上海,文教休闲,lsgf,主板,19940204,上海市国有资产监督管理委员会,地方国企
3497,600827.SH,600827,百联股份,上海,超市连锁,blgf,主板,19940204,上海市国有资产监督管理委员会,地方国企
3498,600828.SH,600828,茂业商业,四川,百货,mysy,主板,19940224,,
3499,600829.SH,600829,人民同泰,黑龙江,医药商业,rmtt,主板,19940224,无实际控制人,无
3500,600830.SH,600830,香溢融通,浙江,多元金融,xyrt,主板,19940224,中国烟草总公司,中央国企
3501,600831.SH,600831,ST广网,陕西,影视音像,stgw,主板,19940224,,
3502,600833.SH,600833,第一医药,上海,医药商业,dyyy,主板,19940224,上海市国有资产监督管理委员会,地方国企
3503,600834.SH,600834,申通地铁,上海,公共交通,stdt,主板,19940224,上海市国有资产监督管理委员会,地方国企
3504,600835.SH,600835,上海机电,上海,运输设备,shjd,主板,19940224,上海市国有资产监督管理委员会,地方国企
3505,600837.SH,600837,海通证券,上海,证券,htzq,主板,19940224,,
3506,600838.SH,600838,上海九百,上海,百货,shjb,主板,19940224,上海市国有资产监督管理委员会,地方国企
3507,600839.SH,600839,四川长虹,四川,家用电器,scch,主板,19940311,绵阳市国有资产监督管理委员会,地方国企
3508,600841.SH,600841,动力新科,上海,汽车配件,dlxk,主板,19940311,上海市国有资产监督管理委员会,地方国企
3509,600843.SH,600843,上工申贝,上海,纺织机械,sgsb,主板,19940311,上海市浦东新区国有资产监督管理委员会,地方国企
3510,600844.SH,600844,丹化科技,内蒙,化工原料,dhkj,主板,19940311,丹阳市人民政府,地方国企
3511,600845.SH,600845,宝信软件,上海,软件服务,bxrj,主板,19940311,,
3512,600846.SH,600846,同济科技,上海,建筑工程,tjkj,主板,19940311,上海市杨浦区人民政府国有资产监督管理委员会,地方国企
3513,600847.SH,600847,万里股份,重庆,电气设备,wlgf,主板,19940324,,
3514,600848.SH,600848,上海临港,上海,园区开发,shlg,主板,19940324,上海市国有资产监督管理委员会,地方国企
3515,600850.SH,600850,电科数字,上海,软件服务,dksz,主板,19940324,,
3516,600851.SH,600851,海欣股份,上海,化学制药,hxgf,主板,19940404,财信证券股份有限公司,地方国企
3517,600853.SH,600853,龙建股份,黑龙江,建筑工程,ljgf,主板,19940404,,
3518,600854.SH,600854,春兰股份,江苏,家用电器,clgf,主板,19940425,,
3519,600855.SH,600855,航天长峰,北京,专用机械,htcf,主板,19940425,,
3520,600857.SH,600857,宁波中百,浙江,百货,nbzb,主板,19940425,,
3521,600858.SH,600858,银座股份,山东,百货,yzgf,主板,19940506,,
3522,600859.SH,600859,王府井,北京,百货,wfj,主板,19940506,北京市人民政府国有资产监督管理委员会,地方国企
3523,600860.SH,600860,京城股份,北京,专用机械,jcgf,主板,19940506,,
3524,600861.SH,600861,北京人力,北京,文教休闲,bjrl,主板,19940520,北京国有资本运营管理有限公司,地方国企
3525,600862.SH,600862,中航高科,江苏,航空,zhgk,主板,19940520,,
3526,600863.SH,600863,内蒙华电,内蒙,火力发电,nmhd,主板,19940520,,
3527,600864.SH,600864,哈投股份,黑龙江,证券,htgf,主板,19940809,,
3528,600865.SH,600865,百大集团,浙江,百货,bdjt,主板,19940809,陈夏鑫,民营企业
3529,600866.SH,600866,星湖科技,广东,饲料,xhkj,主板,19940818,肇庆市人民政府国有资产监督管理委员会,地方国企
3530,600867.SH,600867,通化东宝,吉林,生物制药,thdb,主板,19940824,李一奎,民营企业
3531,600868.SH,600868,梅雁吉祥,广东,水力发电,myjx,主板,19940912,,
3532,600869.SH,600869,远东股份,青海,电气设备,ydgf,主板,19950206,,
3533,600871.SH,600871,石化油服,北京,石油开采,shyf,主板,19950411,,
3534,600872.SH,600872,中炬高新,广东,食品,zjgx,主板,19950124,,
3535,600873.SH,600873,梅花生物,西藏,食品,mhsw,主板,19950217,王爱军,民营企业
3536,600874.SH,600874,创业环保,天津,环境保护,cyhb,主板,19950630,,
3537,600875.SH,600875,东方电气,四川,电气设备,dfdq,主板,19951010,国务院国有资产监督管理委员会,中央国企
3538,600876.SH,600876,凯盛新能,河南,玻璃,ksxn,主板,19951031,,
3539,600877.SH,600877,电科芯片,重庆,半导体,dkxp,主板,19951013,,
3540,600879.SH,600879,航天电子,湖北,航空,htdz,主板,19951115,,
3541,600880.SH,600880,博瑞传播,四川,广告包装,brcb,主板,19951115,成都市国有资产监督管理委员会,地方国企
3542,600881.SH,600881,亚泰集团,吉林,综合类,ytjt,主板,19951115,长春市人民政府国有资产监督管理委员会,地方国企
3543,600882.SH,600882,妙可蓝多,上海,乳制品,mkld,主板,19951206,淄博市财政局,地方国企
3544,600883.SH,600883,博闻科技,云南,种植业,bwkj,主板,19951208,,
3545,600884.SH,600884,杉杉股份,浙江,电气设备,ssgf,主板,19960130,,
3546,600885.SH,600885,宏发股份,湖北,电气设备,hfgf,主板,19960205,,
3547,600886.SH,600886,国投电力,北京,水力发电,gtdl,主板,19960118,,
3548,600887.SH,600887,伊利股份,内蒙,乳制品,ylgf,主板,19960312,无实际控制人,无
3549,600888.SH,600888,新疆众和,新疆,铝,xjzh,主板,19960215,,
3550,600889.SH,600889,南京化纤,江苏,化纤,njhx,主板,19960308,,
3551,600892.SH,600892,大晟文化,深圳,互联网,dswh,主板,19960315,中国华星集团有限公司(香港),中央国企
3552,600893.SH,600893,航发动力,陕西,航空,hfdl,主板,19960408,,
3553,600894.SH,600894,广日股份,广东,运输设备,grgf,主板,19960328,,
3554,600895.SH,600895,张江高科,上海,园区开发,zjgk,主板,19960422,上海市浦东新区国有资产监督管理委员会,地方国企
3555,600897.SH,600897,厦门空港,福建,机场,xmkg,主板,19960531,厦门市人民政府国有资产监督管理委员会,地方国企
3556,600898.SH,600898,*ST美讯,山东,元器件,stmx,主板,19960418,黄光裕,外资企业
3557,600900.SH,600900,长江电力,北京,水力发电,cjdl,主板,20031118,,
3558,600901.SH,600901,江苏金租,江苏,多元金融,jsjz,主板,20180301,江苏省政府国有资产监督管理委员会,地方国企
3559,600903.SH,600903,贵州燃气,贵州,供气供热,gzrq,主板,20171107,贵州省人民政府国有资产监督管理委员会,地方国企
3560,600905.SH,600905,三峡能源,北京,新型电力,sxny,主板,20210610,中国长江三峡集团有限公司,中央国企
3561,600906.SH,600906,财达证券,河北,证券,cdzq,主板,20210507,河北省人民政府国有资产监督管理委员会,地方国企
3562,600908.SH,600908,无锡银行,江苏,银行,wxyh,主板,20160923,,
3563,600909.SH,600909,华安证券,安徽,证券,hazq,主板,20161206,,
3564,600916.SH,600916,中国黄金,北京,服饰,zghj,主板,20210205,国务院国有资产监督管理委员会,中央国企
3565,600917.SH,600917,重庆燃气,重庆,供气供热,cqrq,主板,20140930,重庆市国有资产监督管理委员会,地方国企
3566,600918.SH,600918,中泰证券,山东,证券,ztzq,主板,20200603,,
3567,600919.SH,600919,江苏银行,江苏,银行,jsyh,主板,20160802,,
3568,600925.SH,600925,苏能股份,江苏,煤炭开采,sngf,主板,20230329,江苏省人民政府,地方国企
3569,600926.SH,600926,杭州银行,浙江,银行,hzyh,主板,20161027,无实际控制人,无
3570,600927.SH,600927,永安期货,浙江,多元金融,yaqh,主板,20211223,浙江省财政厅,地方国企
3571,600928.SH,600928,西安银行,陕西,银行,xayh,主板,20190301,西安市人民政府,地方国企
3572,600929.SH,600929,雪天盐业,湖南,食品,xtyy,主板,20180326,,
3573,600933.SH,600933,爱柯迪,浙江,汽车配件,akd,主板,20171117,,
3574,600935.SH,600935,华塑股份,安徽,化工原料,hsgf,主板,20211126,安徽省人民政府国有资产监督管理委员会,地方国企
3575,600936.SH,600936,广西广电,广西,影视音像,gxgd,主板,20160815,广西广播电视台,地方国企
3576,600938.SH,600938,中国海油,北京,石油开采,zghy,主板,20220421,中国海洋石油集团有限公司,中央国企
3577,600939.SH,600939,重庆建工,重庆,建筑工程,cqjg,主板,20170221,重庆市国有资产监督管理委员会,地方国企
3578,600941.SH,600941,中国移动,北京,电信运营,zgyd,主板,20220105,中国移动通信集团有限公司,中央国企
3579,600955.SH,600955,维远股份,山东,化工原料,wygf,主板,20210915,徐云亭,民营企业
3580,600956.SH,600956,新天绿能,河北,供气供热,xtln,主板,20200629,,
3581,600958.SH,600958,东方证券,上海,证券,dfzq,主板,20150323,,
3582,600959.SH,600959,江苏有线,江苏,影视音像,jsyx,主板,20150428,江苏省广播电视总台,无
3583,600960.SH,600960,渤海汽车,山东,汽车配件,bhqc,主板,20040407,滨州市人民政府国有资产监督管理委员会,地方国企
3584,600961.SH,600961,株冶集团,湖南,铅锌,zyjt,主板,20040830,国务院国有资产监督管理委员会,中央国企
3585,600962.SH,600962,国投中鲁,北京,软饮料,gtzl,主板,20040622,,
3586,600963.SH,600963,岳阳林纸,湖南,造纸,yylz,主板,20040525,,
3587,600965.SH,600965,福成股份,河北,农业综合,fcgf,主板,20040713,,
3588,600966.SH,600966,博汇纸业,山东,造纸,bhzy,主板,20040608,黄志源,外资企业
3589,600967.SH,600967,内蒙一机,内蒙,运输设备,nmyj,主板,20040518,中国兵器工业集团有限公司,中央国企
3590,600968.SH,600968,海油发展,北京,石油开采,hyfz,主板,20190626,,
3591,600969.SH,600969,郴电国际,湖南,水力发电,cdgj,主板,20040408,郴州市人民政府国有资产监督管理委员会,地方国企
3592,600970.SH,600970,中材国际,江苏,建筑工程,zcgj,主板,20050412,,
3593,600971.SH,600971,恒源煤电,安徽,煤炭开采,hymd,主板,20040817,,
3594,600973.SH,600973,宝胜股份,江苏,电气设备,bsgf,主板,20040802,江苏省政府国有资产监督管理委员会,地方国企
3595,600975.SH,600975,新五丰,湖南,农业综合,xwf,主板,20040609,,
3596,600976.SH,600976,健民集团,湖北,中成药,jmjt,主板,20040419,,
3597,600977.SH,600977,中国电影,北京,影视音像,zgdy,主板,20160809,,
3598,600979.SH,600979,广安爱众,四川,水力发电,gaaz,主板,20040906,广安市广安区人民政府,地方国企
3599,600980.SH,600980,北矿科技,北京,专用机械,bkkj,主板,20040512,,
3600,600981.SH,600981,汇鸿集团,江苏,商贸代理,hhjt,主板,20040630,江苏省政府国有资产监督管理委员会,地方国企
3601,600982.SH,600982,宁波能源,浙江,供气供热,nbny,主板,20040706,,
3602,600983.SH,600983,惠而浦,安徽,家用电器,hep,主板,20040727,合肥市人民政府国有资产监督管理委员会,地方国企
3603,600984.SH,600984,建设机械,陕西,工程机械,jsjx,主板,20040707,,
3604,600985.SH,600985,淮北矿业,安徽,煤炭开采,hbky,主板,20040428,,
3605,600986.SH,600986,浙文互联,浙江,互联网,zwhl,主板,20040426,广饶县大王镇人民政府,地方国企
3606,600987.SH,600987,航民股份,浙江,纺织,hmgf,主板,20040809,,
3607,600988.SH,600988,赤峰黄金,内蒙,黄金,cfhj,主板,20040414,李金阳,民营企业
3608,600989.SH,600989,宝丰能源,宁夏,化工原料,bfny,主板,20190516,,
3609,600990.SH,600990,四创电子,安徽,通信设备,scdz,主板,20040510,,
3610,600992.SH,600992,贵绳股份,贵州,钢加工,gsgf,主板,20040514,,
3611,600993.SH,600993,马应龙,湖北,中成药,myl,主板,20040517,,
3612,600995.SH,600995,南网储能,云南,水力发电,nwcn,主板,20040615,国务院国有资产监督管理委员会,中央国企
3613,600996.SH,600996,贵广网络,贵州,影视音像,ggwl,主板,20161226,中共贵州省委宣传部,地方国企
3614,600997.SH,600997,开滦股份,河北,焦炭加工,klgf,主板,20040602,,
3615,600998.SH,600998,九州通,湖北,医药商业,jzt,主板,20101102,,
3616,600999.SH,600999,招商证券,深圳,证券,zszq,主板,20091117,,
3617,601000.SH,601000,唐山港,河北,港口,tsg,主板,20100705,唐山市人民政府国有资产监督管理委员会,地方国企
3618,601001.SH,601001,晋控煤业,山西,煤炭开采,jkmy,主板,20060623,,
3619,601002.SH,601002,晋亿实业,浙江,机械基件,jysy,主板,20070126,蔡永龙,外资企业
3620,601003.SH,601003,柳钢股份,广西,普钢,lggf,主板,20070227,,
3621,601005.SH,601005,重庆钢铁,重庆,普钢,cqgt,主板,20070228,重庆市国有资产监督管理委员会,地方国企
3622,601006.SH,601006,大秦铁路,山西,铁路,dqtl,主板,20060801,,
3623,601007.SH,601007,金陵饭店,江苏,酒店餐饮,jlfd,主板,20070406,江苏省政府国有资产监督管理委员会,地方国企
3624,601008.SH,601008,连云港,江苏,港口,lyg,主板,20070426,,
3625,601009.SH,601009,南京银行,江苏,银行,njyh,主板,20070719,,
3626,601010.SH,601010,文峰股份,江苏,百货,wfgf,主板,20110603,无实际控制人,无
3627,601011.SH,601011,宝泰隆,黑龙江,焦炭加工,btl,主板,20110309,,
3628,601012.SH,601012,隆基绿能,陕西,电气设备,ljln,主板,20120411,,
3629,601015.SH,601015,陕西黑猫,陕西,焦炭加工,sxhm,主板,20141105,,
3630,601016.SH,601016,节能风电,北京,新型电力,jnfd,主板,20140929,,
3631,601018.SH,601018,宁波港,浙江,港口,nbg,主板,20100928,,
3632,601019.SH,601019,山东出版,山东,出版业,sdcb,主板,20171122,,
3633,601020.SH,601020,华钰矿业,西藏,铅锌,hyky,主板,20160316,,
3634,601021.SH,601021,春秋航空,上海,空运,cqhk,主板,20150121,,
3635,601022.SH,601022,宁波远洋,浙江,水运,nbyy,主板,20221208,浙江省人民政府国有资产监督管理委员会,地方国企
3636,601028.SH,601028,玉龙股份,山东,商贸代理,ylgf,主板,20111107,赖郁尘,民营企业
3637,601033.SH,601033,永兴股份,广东,环境保护,yxgf,主板,20240118,广州市人民政府,地方国企
3638,601038.SH,601038,一拖股份,河南,农用机械,ytgf,主板,20120808,中国机械工业集团有限公司,中央国企
3639,601058.SH,601058,赛轮轮胎,山东,汽车配件,sllt,主板,20110630,袁仲雪,民营企业
3640,601059.SH,601059,信达证券,北京,证券,xdzq,主板,20230201,中华人民共和国财政部,中央国企
3641,601061.SH,601061,中信金属,北京,商贸代理,zxjs,主板,20230410,中国中信集团有限公司,中央国企
3642,601065.SH,601065,江盐集团,江西,化工原料,jyjt,主板,20230410,江西省国有资产监督管理委员会,地方国企
3643,601066.SH,601066,中信建投,北京,证券,zxjt,主板,20180620,,
3644,601068.SH,601068,中铝国际,北京,建筑工程,zlgj,主板,20180831,,
3645,601069.SH,601069,西部黄金,新疆,黄金,xbhj,主板,20150122,,
3646,601077.SH,601077,渝农商行,重庆,银行,ynsh,主板,20191029,,
3647,601083.SH,601083,锦江航运,上海,水运,jjhy,主板,20231205,上海市国有资产监督管理委员会,地方国企
3648,601086.SH,601086,国芳集团,甘肃,百货,gfjt,主板,20170929,,
3649,601088.SH,601088,中国神华,北京,煤炭开采,zgsh,主板,20071009,,
3650,601089.SH,601089,福元医药,北京,化学制药,fyyy,主板,20220630,胡柏藩,民营企业
3651,601096.SH,601096,宏盛华源,山东,钢加工,hshy,主板,20231222,国务院国有资产监督管理委员会,中央国企
3652,601098.SH,601098,中南传媒,湖南,出版业,zncm,主板,20101028,,
3653,601099.SH,601099,太平洋,云南,证券,tpy,主板,20071228,,
3654,601100.SH,601100,恒立液压,江苏,工程机械,hlyy,主板,20111028,,
3655,601101.SH,601101,昊华能源,北京,煤炭开采,hhny,主板,20100331,,
3656,601106.SH,601106,中国一重,黑龙江,工程机械,zgyz,主板,20100209,,
3657,601107.SH,601107,四川成渝,四川,路桥,sccy,主板,20090727,四川省政府国有资产监督管理委员会,地方国企
3658,601108.SH,601108,财通证券,浙江,证券,ctzq,主板,20171024,,
3659,601111.SH,601111,中国国航,北京,空运,zggh,主板,20060818,,
3660,601113.SH,601113,华鼎股份,浙江,互联网,hdgf,主板,20110509,郑期中,民营企业
3661,601116.SH,601116,三江购物,浙江,超市连锁,sjgw,主板,20110302,,
3662,601117.SH,601117,中国化学,北京,建筑工程,zghx,主板,20100107,,
3663,601118.SH,601118,海南橡胶,海南,橡胶,hnxj,主板,20110107,海南省国有资产监督管理委员会,地方国企
3664,601121.SH,601121,宝地矿业,新疆,普钢,bdky,主板,20230310,新疆维吾尔自治区人民政府国有资产监督管理委员会,地方国企
3665,601126.SH,601126,四方股份,北京,电气设备,sfgf,主板,20101231,,
3666,601127.SH,601127,赛力斯,重庆,汽车整车,sls,主板,20160615,,
3667,601128.SH,601128,常熟银行,江苏,银行,csyh,主板,20160930,,
3668,601133.SH,601133,柏诚股份,江苏,建筑工程,bcgf,主板,20230410,过建廷,民营企业
3669,601136.SH,601136,首创证券,北京,证券,sczq,主板,20221222,北京市人民政府国有资产监督管理委员会,地方国企
3670,601137.SH,601137,博威合金,浙江,小金属,bwhj,主板,20110127,,
3671,601138.SH,601138,工业富联,深圳,通信设备,gyfl,主板,20180608,,
3672,601139.SH,601139,深圳燃气,深圳,供气供热,szrq,主板,20091225,深圳市人民政府国有资产监督管理委员会,地方国企
3673,601155.SH,601155,新城控股,江苏,区域地产,xckg,主板,20151204,,
3674,601156.SH,601156,东航物流,上海,仓储物流,dhwl,主板,20210609,中国东方航空集团有限公司,中央国企
3675,601158.SH,601158,重庆水务,重庆,水务,cqsw,主板,20100329,重庆市国有资产监督管理委员会,地方国企
3676,601162.SH,601162,天风证券,湖北,证券,tfzq,主板,20181019,无实际控制人,无
3677,601163.SH,601163,三角轮胎,山东,汽车配件,sjlt,主板,20160909,,
3678,601166.SH,601166,兴业银行,福建,银行,xyyh,主板,20070205,,
3679,601168.SH,601168,西部矿业,青海,铜,xbky,主板,20070712,,
3680,601169.SH,601169,北京银行,北京,银行,bjyh,主板,20070919,,
3681,601177.SH,601177,杭齿前进,浙江,机械基件,hcqj,主板,20101011,杭州萧山国有资产经营集团有限公司,地方国企
3682,601179.SH,601179,中国西电,陕西,电气设备,zgxd,主板,20100128,,
3683,601186.SH,601186,中国铁建,北京,建筑工程,zgtj,主板,20080310,,
3684,601187.SH,601187,厦门银行,福建,银行,xmyh,主板,20201027,无实际控制人,无
3685,601188.SH,601188,龙江交通,黑龙江,路桥,ljjt,主板,20100319,黑龙江省人民政府国有资产监督管理委员会,地方国企
3686,601198.SH,601198,东兴证券,北京,证券,dxzq,主板,20150226,,
3687,601199.SH,601199,江南水务,江苏,水务,jnsw,主板,20110317,江阴市人民政府,地方国企
3688,601200.SH,601200,上海环境,上海,环境保护,shhj,主板,20170331,上海市国有资产监督管理委员会,地方国企
3689,601208.SH,601208,东材科技,四川,化工原料,dckj,主板,20110520,,
3690,601211.SH,601211,国泰君安,上海,证券,gtja,主板,20150626,,
3691,601212.SH,601212,白银有色,甘肃,铜,byys,主板,20170215,,
3692,601216.SH,601216,君正集团,内蒙,化工原料,jzjt,主板,20110222,,
3693,601218.SH,601218,吉鑫科技,江苏,电气设备,jxkj,主板,20110506,,
3694,601222.SH,601222,林洋能源,江苏,新型电力,lyny,主板,20110808,,
3695,601225.SH,601225,陕西煤业,陕西,煤炭开采,sxmy,主板,20140128,,
3696,601226.SH,601226,华电重工,北京,建筑工程,hdzg,主板,20141211,,
3697,601228.SH,601228,广州港,广东,港口,gzg,主板,20170329,,
3698,601229.SH,601229,上海银行,上海,银行,shyh,主板,20161116,上海市国有资产监督管理委员会,地方国企
3699,601231.SH,601231,环旭电子,上海,元器件,hxdz,主板,20120220,张洪本,外资企业
3700,601233.SH,601233,桐昆股份,浙江,化纤,tkgf,主板,20110518,,
3701,601236.SH,601236,红塔证券,云南,证券,htzq,主板,20190705,,
3702,601238.SH,601238,广汽集团,广东,汽车整车,gqjt,主板,20120329,,
3703,601279.SH,601279,英利汽车,吉林,汽车配件,ylqc,主板,20210415,林启彬,外资企业
3704,601288.SH,601288,农业银行,北京,银行,nyyh,主板,20100715,,
3705,601298.SH,601298,青岛港,山东,港口,qdg,主板,20190121,青岛市人民政府国有资产监督管理委员会,地方国企
3706,601311.SH,601311,骆驼股份,湖北,电气设备,ltgf,主板,20110602,,
3707,601318.SH,601318,中国平安,深圳,保险,zgpa,主板,20070301,,
3708,601319.SH,601319,中国人保,北京,保险,zgrb,主板,20181116,,
3709,601326.SH,601326,秦港股份,河北,港口,qggf,主板,20170816,,
3710,601328.SH,601328,交通银行,上海,银行,jtyh,主板,20070515,,
3711,601330.SH,601330,绿色动力,深圳,环境保护,lsdl,主板,20180611,,
3712,601333.SH,601333,广深铁路,深圳,铁路,gstl,主板,20061222,中国国家铁路集团有限公司,中央国企
3713,601336.SH,601336,新华保险,北京,保险,xhbx,主板,20111216,中央汇金投资有限责任公司,中央国企
3714,601339.SH,601339,百隆东方,浙江,纺织,bldf,主板,20120612,杨卫新,外资企业
3715,601360.SH,601360,三六零,天津,互联网,sll,主板,20120116,,
3716,601366.SH,601366,利群股份,山东,百货,lqgf,主板,20170412,,
3717,601368.SH,601368,绿城水务,广西,水务,lcsw,主板,20150612,,
3718,601369.SH,601369,陕鼓动力,陕西,机械基件,sgdl,主板,20100428,,
3719,601375.SH,601375,中原证券,河南,证券,zyzq,主板,20170103,河南省财政厅,地方国企
3720,601377.SH,601377,兴业证券,福建,证券,xyzq,主板,20101013,,
3721,601388.SH,601388,怡球资源,江苏,铝,yqzy,主板,20120423,黄崇胜,外资企业
3722,601390.SH,601390,中国中铁,北京,建筑工程,zgzt,主板,20071203,,
3723,601398.SH,601398,工商银行,北京,银行,gsyh,主板,20061027,,
3724,601399.SH,601399,国机重装,四川,工程机械,gjzz,主板,20200608,中国机械工业集团有限公司,中央国企
3725,601456.SH,601456,国联证券,江苏,证券,glzq,主板,20200731,无锡市人民政府国有资产监督管理委员会,地方国企
3726,601500.SH,601500,通用股份,江苏,汽车配件,tygf,主板,20160919,顾萃,民营企业
3727,601512.SH,601512,中新集团,江苏,园区开发,zxjt,主板,20191220,苏州工业园区国有资本投资运营控股有限公司,地方国企
3728,601515.SH,601515,东峰集团,广东,广告包装,dfjt,主板,20120216,黄晓佳,外资企业
3729,601518.SH,601518,吉林高速,吉林,路桥,jlgs,主板,20100319,吉林省交通运输厅,地方国企
3730,601519.SH,601519,大智慧,上海,软件服务,dzh,主板,20110128,,
3731,601528.SH,601528,瑞丰银行,浙江,银行,rfyh,主板,20210625,,
3732,601555.SH,601555,东吴证券,江苏,证券,dwzq,主板,20111212,苏州国际发展集团有限公司,地方国企
3733,601566.SH,601566,九牧王,福建,服饰,jmw,主板,20110530,林聪颖,外资企业
3734,601567.SH,601567,三星医疗,浙江,电气设备,sxyl,主板,20110615,,
3735,601568.SH,601568,北元集团,陕西,化工原料,byjt,主板,20201020,陕西省人民政府国有资产监督管理委员会,地方国企
3736,601577.SH,601577,长沙银行,湖南,银行,csyh,主板,20180926,,
3737,601579.SH,601579,会稽山,浙江,红黄酒,kjs,主板,20140825,方朝阳,民营企业
3738,601588.SH,601588,北辰实业,北京,区域地产,bcsy,主板,20061016,,
3739,601595.SH,601595,上海电影,上海,影视音像,shdy,主板,20160817,上海市国有资产监督管理委员会,地方国企
3740,601598.SH,601598,中国外运,北京,仓储物流,zgwy,主板,20190118,,
3741,601599.SH,601599,浙文影业,浙江,纺织,zwyy,主板,20110527,浙江省财政厅,地方国企
3742,601600.SH,601600,中国铝业,北京,铝,zgly,主板,20070430,,
3743,601601.SH,601601,中国太保,上海,保险,zgtb,主板,20071225,,
3744,601606.SH,601606,长城军工,安徽,专用机械,ccjg,主板,20180806,,
3745,601607.SH,601607,上海医药,上海,医药商业,shyy,主板,19940324,上海市国有资产监督管理委员会,地方国企
3746,601608.SH,601608,中信重工,河南,专用机械,zxzg,主板,20120706,,
3747,601609.SH,601609,金田股份,浙江,铜,jtgf,主板,20200422,,
3748,601611.SH,601611,中国核建,上海,建筑工程,zghj,主板,20160606,,
3749,601615.SH,601615,明阳智能,广东,电气设备,myzn,主板,20190123,,
3750,601616.SH,601616,广电电气,上海,电气设备,gddq,主板,20110201,赵淑文,外资企业
3751,601618.SH,601618,中国中冶,北京,建筑工程,zgzy,主板,20090921,,
3752,601619.SH,601619,嘉泽新能,宁夏,新型电力,jzxn,主板,20170720,,
3753,601628.SH,601628,中国人寿,北京,保险,zgrs,主板,20070109,,
3754,601633.SH,601633,长城汽车,河北,汽车整车,ccqc,主板,20110928,魏建军,民营企业
3755,601636.SH,601636,旗滨集团,湖南,玻璃,qbjt,主板,20110812,,
3756,601658.SH,601658,邮储银行,北京,银行,ycyh,主板,20191210,中国邮政集团有限公司,中央国企
3757,601665.SH,601665,齐鲁银行,山东,银行,qlyh,主板,20210618,无实际控制人,无
3758,601666.SH,601666,平煤股份,河南,煤炭开采,pmgf,主板,20061123,,
3759,601668.SH,601668,中国建筑,北京,建筑工程,zgjz,主板,20090729,,
3760,601669.SH,601669,中国电建,北京,建筑工程,zgdj,主板,20111018,,
3761,601677.SH,601677,明泰铝业,河南,铝,mtly,主板,20110919,,
3762,601678.SH,601678,滨化股份,山东,化工原料,bhgf,主板,20100223,无实际控制人,无
3763,601686.SH,601686,友发集团,天津,钢加工,yfjt,主板,20201204,李茂津,民营企业
3764,601688.SH,601688,华泰证券,江苏,证券,htzq,主板,20100226,江苏省政府国有资产监督管理委员会,地方国企
3765,601689.SH,601689,拓普集团,浙江,汽车配件,tpjt,主板,20150319,邬建树,外资企业
3766,601696.SH,601696,中银证券,上海,证券,zyzq,主板,20200226,无实际控制人,无
3767,601698.SH,601698,中国卫通,北京,电信运营,zgwt,主板,20190628,,
3768,601699.SH,601699,潞安环能,山西,煤炭开采,lahn,主板,20060922,,
3769,601700.SH,601700,风范股份,江苏,电气设备,ffgf,主板,20110118,,
3770,601702.SH,601702,华峰铝业,上海,铝,hfly,主板,20200907,,
3771,601717.SH,601717,郑煤机,河南,专用机械,zmj,主板,20100803,无实际控制人,无
3772,601718.SH,601718,际华集团,北京,服饰,jhjt,主板,20100816,,
3773,601727.SH,601727,上海电气,上海,电气设备,shdq,主板,20081205,上海电气控股集团有限公司,地方国企
3774,601728.SH,601728,中国电信,北京,电信运营,zgdx,主板,20210820,国务院国有资产监督管理委员会,中央国企
3775,601766.SH,601766,中国中车,北京,运输设备,zgzc,主板,20080818,,
3776,601777.SH,601777,力帆科技,重庆,摩托车,lfkj,主板,20101125,重庆满江红企业管理有限公司,地方国企
3777,601778.SH,601778,晶科科技,江西,新型电力,jkkj,主板,20200519,,
3778,601788.SH,601788,光大证券,上海,证券,gdzq,主板,20090818,,
3779,601789.SH,601789,宁波建工,浙江,建筑工程,nbjg,主板,20110816,宁波市人民政府国有资产监督管理委员会,地方国企
3780,601798.SH,601798,蓝科高新,甘肃,化工机械,lkgx,主板,20110622,,
3781,601799.SH,601799,星宇股份,江苏,汽车配件,xygf,主板,20110201,,
3782,601800.SH,601800,中国交建,北京,建筑工程,zgjj,主板,20120309,,
3783,601801.SH,601801,皖新传媒,安徽,出版业,wxcm,主板,20100118,,
3784,601808.SH,601808,中海油服,天津,石油开采,zhyf,主板,20070928,,
3785,601811.SH,601811,新华文轩,四川,出版业,xhwx,主板,20160808,四川省政府国有资产监督管理委员会,地方国企
3786,601816.SH,601816,京沪高铁,北京,铁路,jhgt,主板,20200116,中国国家铁路集团有限公司,中央国企
3787,601818.SH,601818,光大银行,北京,银行,gdyh,主板,20100818,中国投资有限责任公司,中央国企
3788,601825.SH,601825,沪农商行,上海,银行,hnsh,主板,20210819,无实际控制人,无
3789,601827.SH,601827,三峰环境,重庆,环境保护,sfhj,主板,20200605,重庆市国有资产监督管理委员会,地方国企
3790,601828.SH,601828,美凯龙,上海,其他商业,mkl,主板,20180117,厦门市人民政府国有资产监督管理委员会,地方国企
3791,601838.SH,601838,成都银行,四川,银行,cdyh,主板,20180131,成都市国有资产监督管理委员会,地方国企
3792,601857.SH,601857,中国石油,北京,石油开采,zgsy,主板,20071105,,
3793,601858.SH,601858,中国科传,北京,出版业,zgkc,主板,20170118,中国科学院控股有限公司,中央国企
3794,601860.SH,601860,紫金银行,江苏,银行,zjyh,主板,20190103,,
3795,601865.SH,601865,福莱特,浙江,玻璃,flt,主板,20190215,阮洪良,民营企业
3796,601866.SH,601866,中远海发,上海,水运,zyhf,主板,20071212,,
3797,601868.SH,601868,中国能建,北京,建筑工程,zgnj,主板,20210928,国务院国有资产监督管理委员会,中央国企
3798,601869.SH,601869,长飞光纤,湖北,通信设备,cfgx,主板,20180720,无实际控制人,无
3799,601872.SH,601872,招商轮船,上海,水运,zslc,主板,20061201,,
3800,601877.SH,601877,正泰电器,浙江,电气设备,ztdq,主板,20100121,,
3801,601878.SH,601878,浙商证券,浙江,证券,zszq,主板,20170626,,
3802,601880.SH,601880,辽港股份,辽宁,港口,lggf,主板,20101206,大连市人民政府国有资产监督管理委员会,地方国企
3803,601881.SH,601881,中国银河,北京,证券,zgyh,主板,20170123,,
3804,601882.SH,601882,海天精工,浙江,机床制造,htjg,主板,20161107,,
3805,601886.SH,601886,江河集团,北京,装修装饰,jhjt,主板,20110818,,
3806,601888.SH,601888,中国中免,北京,旅游服务,zgzm,主板,20091015,,
3807,601890.SH,601890,亚星锚链,江苏,船舶,yxml,主板,20101228,,
3808,601898.SH,601898,中煤能源,北京,煤炭开采,zmny,主板,20080201,,
3809,601899.SH,601899,紫金矿业,福建,铜,zjky,主板,20080425,上杭县财政局,地方国企
3810,601900.SH,601900,南方传媒,广东,出版业,nfcm,主板,20160215,,
3811,601901.SH,601901,方正证券,湖南,证券,fzzq,主板,20110810,无实际控制人,无
3812,601908.SH,601908,京运通,北京,电气设备,jyt,主板,20110908,,
3813,601916.SH,601916,浙商银行,浙江,银行,zsyh,主板,20191126,,
3814,601918.SH,601918,新集能源,安徽,煤炭开采,xjny,主板,20071219,,
3815,601919.SH,601919,中远海控,天津,水运,zyhk,主板,20070626,,
3816,601921.SH,601921,浙版传媒,浙江,出版业,zbcm,主板,20210723,浙江出版联合集团有限公司,地方国企
3817,601928.SH,601928,凤凰传媒,江苏,出版业,fhcm,主板,20111130,,
3818,601929.SH,601929,吉视传媒,吉林,影视音像,jscm,主板,20120223,吉林广播电视台,地方国企
3819,601933.SH,601933,永辉超市,福建,超市连锁,yhcs,主板,20101215,,
3820,601939.SH,601939,建设银行,北京,银行,jsyh,主板,20070925,,
3821,601949.SH,601949,中国出版,北京,出版业,zgcb,主板,20170821,,
3822,601952.SH,601952,苏垦农发,江苏,种植业,sknf,主板,20170515,江苏省政府国有资产监督管理委员会,地方国企
3823,601956.SH,601956,东贝集团,湖北,家用电器,dbjt,主板,20201225,无实际控制人,无
3824,601958.SH,601958,金钼股份,陕西,小金属,jmgf,主板,20080417,,
3825,601963.SH,601963,重庆银行,重庆,银行,cqyh,主板,20210205,,
3826,601965.SH,601965,中国汽研,重庆,汽车服务,zgqy,主板,20120611,,
3827,601966.SH,601966,玲珑轮胎,山东,汽车配件,lllt,主板,20160706,,
3828,601968.SH,601968,宝钢包装,上海,广告包装,bgbz,主板,20150611,国务院国有资产监督管理委员会,中央国企
3829,601969.SH,601969,海南矿业,海南,普钢,hnky,主板,20141209,,
3830,601975.SH,601975,招商南油,江苏,水运,zsny,主板,20190108,,
3831,601985.SH,601985,中国核电,北京,新型电力,zghd,主板,20150610,,
3832,601988.SH,601988,中国银行,北京,银行,zgyh,主板,20060705,,
3833,601989.SH,601989,中国重工,北京,船舶,zgzg,主板,20091216,,
3834,601990.SH,601990,南京证券,江苏,证券,njzq,主板,20180613,,
3835,601991.SH,601991,大唐发电,北京,火力发电,dtfd,主板,20061220,,
3836,601992.SH,601992,金隅集团,北京,水泥,jyjt,主板,20110301,,
3837,601995.SH,601995,中金公司,北京,证券,zjgs,主板,20201102,中央汇金投资有限责任公司,中央国企
3838,601996.SH,601996,丰林集团,广西,家居用品,fljt,主板,20110929,刘一川,外资企业
3839,601997.SH,601997,贵阳银行,贵州,银行,gyyh,主板,20160816,,
3840,601998.SH,601998,中信银行,北京,银行,zxyh,主板,20070427,,
3841,601999.SH,601999,出版传媒,辽宁,出版业,cbcm,主板,20071221,,
3842,603000.SH,603000,人民网,北京,互联网,rmw,主板,20120427,,
3843,603001.SH,603001,奥康国际,浙江,服饰,akgj,主板,20120426,,
3844,603002.SH,603002,宏昌电子,广东,化工原料,hcdz,主板,20120518,王文洋,外资企业
3845,603003.SH,603003,*ST龙宇,上海,石油贸易,stly,主板,20120817,,
3846,603004.SH,603004,鼎龙科技,浙江,化工原料,dlkj,主板,20231227,孙斯薇,民营企业
3847,603005.SH,603005,晶方科技,江苏,半导体,jfkj,主板,20140210,,
3848,603006.SH,603006,联明股份,上海,汽车配件,lmgf,主板,20140630,,
3849,603007.SH,603007,*ST花王,江苏,建筑工程,sthw,主板,20160826,,
3850,603008.SH,603008,喜临门,浙江,家居用品,xlm,主板,20120717,,
3851,603009.SH,603009,北特科技,上海,汽车配件,btkj,主板,20140718,,
3852,603010.SH,603010,万盛股份,浙江,化工原料,wsgf,主板,20141010,郭广昌,民营企业
3853,603011.SH,603011,合锻智能,安徽,专用机械,hdzn,主板,20141107,,
3854,603012.SH,603012,创力集团,上海,专用机械,cljt,主板,20150320,石良希,民营企业
3855,603013.SH,603013,亚普股份,江苏,汽车配件,ypgf,主板,20180509,国家开发投资集团有限公司,中央国企
3856,603015.SH,603015,弘讯科技,浙江,电气设备,hxkj,主板,20150303,周珊珊,外资企业
3857,603016.SH,603016,新宏泰,江苏,电气设备,xht,主板,20160701,无锡市人民政府国有资产监督管理委员会,地方国企
3858,603017.SH,603017,中衡设计,江苏,建筑工程,zhsj,主板,20141231,,
3859,603018.SH,603018,华设集团,江苏,建筑工程,hsjt,主板,20141013,无实际控制人,无
3860,603019.SH,603019,中科曙光,天津,IT设备,zksg,主板,20141106,,
3861,603020.SH,603020,爱普股份,上海,食品,apgf,主板,20150325,,
3862,603021.SH,603021,山东华鹏,山东,家居用品,sdhp,主板,20150423,山东省人民政府,地方国企
3863,603022.SH,603022,新通联,上海,广告包装,xtl,主板,20150518,,
3864,603023.SH,603023,*ST威帝,黑龙江,汽车配件,stwd,主板,20150527,丽水经济技术开发区管理委员会,地方国企
3865,603025.SH,603025,大豪科技,北京,纺织机械,dhkj,主板,20150422,,
3866,603026.SH,603026,石大胜华,山东,化工原料,sdsh,主板,20150529,无实际控制人,无
3867,603027.SH,603027,千禾味业,四川,食品,qhwy,主板,20160307,,
3868,603028.SH,603028,赛福天,江苏,钢加工,sft,主板,20160331,无实际控制人,无
3869,603029.SH,603029,天鹅股份,山东,农用机械,tegf,主板,20160427,,
3870,603030.SH,603030,全筑股份,上海,装修装饰,qzgf,主板,20150320,,
3871,603031.SH,603031,安孚科技,安徽,电气设备,afkj,主板,20160822,袁永刚,民营企业
3872,603032.SH,603032,德新科技,新疆,专用机械,dxkj,主板,20170105,,
3873,603033.SH,603033,三维股份,浙江,橡胶,swgf,主板,20161207,,
3874,603035.SH,603035,常熟汽饰,江苏,汽车配件,csqs,主板,20170105,,
3875,603036.SH,603036,如通股份,江苏,专用机械,rtgf,主板,20161209,,
3876,603037.SH,603037,凯众股份,上海,汽车配件,kzgf,主板,20170120,无实际控制人,无
3877,603038.SH,603038,华立股份,广东,家居用品,hlgf,主板,20170116,,
3878,603039.SH,603039,泛微网络,上海,软件服务,fwwl,主板,20170113,,
3879,603040.SH,603040,新坐标,浙江,汽车配件,xzb,主板,20170209,,
3880,603041.SH,603041,美思德,江苏,化工原料,msd,主板,20170330,,
3881,603042.SH,603042,华脉科技,江苏,通信设备,hmkj,主板,20170602,,
3882,603043.SH,603043,广州酒家,广东,食品,gzjj,主板,20170627,,
3883,603045.SH,603045,福达合金,浙江,小金属,fdhj,主板,20180517,,
3884,603048.SH,603048,浙江黎明,浙江,汽车配件,zjlm,主板,20211116,俞黎明,民营企业
3885,603050.SH,603050,科林电气,河北,电气设备,kldq,主板,20170414,张成锁,民营企业
3886,603051.SH,603051,鹿山新材,广东,塑料,lsxc,主板,20220325,汪加胜,民营企业
3887,603052.SH,603052,可川科技,江苏,元器件,kckj,主板,20221011,,
3888,603053.SH,603053,成都燃气,四川,供气供热,cdrq,主板,20191217,成都市国有资产监督管理委员会,地方国企
3889,603055.SH,603055,台华新材,浙江,纺织,thxc,主板,20170921,施清岛,外资企业
3890,603056.SH,603056,德邦股份,上海,仓储物流,dbgf,主板,20180116,京东集团股份有限公司,外资企业
3891,603057.SH,603057,紫燕食品,上海,食品,zysp,主板,20220926,钟怀军,民营企业
3892,603058.SH,603058,永吉股份,贵州,广告包装,yjgf,主板,20161223,邓代兴,民营企业
3893,603059.SH,603059,倍加洁,江苏,日用化工,bjj,主板,20180302,,
3894,603060.SH,603060,国检集团,北京,建筑工程,gjjt,主板,20161109,,
3895,603061.SH,603061,金海通,天津,半导体,jht,主板,20230303,崔学峰,民营企业
3896,603062.SH,603062,麦加芯彩,上海,染料涂料,mjxc,主板,20231107,黄雁夷,外资企业
3897,603063.SH,603063,禾望电气,深圳,电气设备,hwdq,主板,20170728,韩玉,民营企业
3898,603065.SH,603065,宿迁联盛,江苏,化工原料,sqls,主板,20230321,项瞻波,民营企业
3899,603066.SH,603066,音飞储存,江苏,仓储物流,yfcc,主板,20150611,景德镇市国有资产监督管理委员会,地方国企
3900,603067.SH,603067,振华股份,湖北,化工原料,zhgf,主板,20160913,,
3901,603068.SH,603068,博通集成,上海,半导体,btjc,主板,20190415,Pengfei Zhang,外资企业
3902,603069.SH,603069,海汽集团,海南,公共交通,hqjt,主板,20160712,海南省国有资产监督管理委员会,地方国企
3903,603070.SH,603070,万控智造,浙江,电气设备,wkzz,主板,20220310,木晓东,民营企业
3904,603071.SH,603071,物产环能,浙江,批发业,wchn,主板,20211216,浙江省人民政府国有资产监督管理委员会,地方国企
3905,603073.SH,603073,彩蝶实业,浙江,纺织,cdsy,主板,20230316,施建明,民营企业
3906,603075.SH,603075,热威股份,浙江,家用电器,rwgf,主板,20230911,张伟,民营企业
3907,603076.SH,603076,乐惠国际,浙江,专用机械,lhgj,主板,20171113,,
3908,603077.SH,603077,和邦生物,四川,化工原料,hbsw,主板,20120731,,
3909,603078.SH,603078,江化微,江苏,半导体,jhw,主板,20170410,淄博市财政局,地方国企
3910,603079.SH,603079,圣达生物,浙江,食品,sdsw,主板,20170823,洪爱,外资企业
3911,603080.SH,603080,新疆火炬,新疆,供气供热,xjhj,主板,20180103,,
3912,603081.SH,603081,大丰实业,浙江,专用机械,dfsy,主板,20170420,,
3913,603082.SH,603082,北自科技,北京,运输设备,bzkj,主板,20240130,中国机械科学研究总院集团有限公司,中央国企
3914,603083.SH,603083,剑桥科技,上海,通信设备,jqkj,主板,20171110,Gerald G Wong,外资企业
3915,603085.SH,603085,天成自控,浙江,汽车配件,tczk,主板,20150630,,
3916,603086.SH,603086,先达股份,山东,农药化肥,xdgf,主板,20170511,,
3917,603087.SH,603087,甘李药业,北京,生物制药,glyy,主板,20200629,,
3918,603088.SH,603088,宁波精达,浙江,机床制造,nbjd,主板,20141111,宁波市人民政府国有资产监督管理委员会,地方国企
3919,603089.SH,603089,正裕工业,浙江,汽车配件,zygy,主板,20170126,,
3920,603090.SH,603090,宏盛股份,江苏,专用机械,hsgf,主板,20160831,,
3921,603093.SH,603093,南华期货,浙江,多元金融,nhqh,主板,20190830,东阳市横店社团经济企业联合会,集体企业
3922,603095.SH,603095,越剑智能,浙江,纺织机械,yjzn,主板,20200415,孙剑华,民营企业
3923,603096.SH,603096,新经典,天津,出版业,xjd,主板,20170425,,
3924,603097.SH,603097,江苏华辰,江苏,电气设备,jshc,主板,20220512,张孝金,民营企业
3925,603098.SH,603098,森特股份,北京,装修装饰,stgf,主板,20161216,,
3926,603099.SH,603099,长白山,吉林,旅游景点,cbs,主板,20140822,,
3927,603100.SH,603100,川仪股份,重庆,电器仪表,cygf,主板,20140805,重庆市国有资产监督管理委员会,地方国企
3928,603101.SH,603101,汇嘉时代,新疆,百货,hjsd,主板,20160506,,
3929,603102.SH,603102,百合股份,山东,医疗保健,bhgf,主板,20220125,刘新力,民营企业
3930,603103.SH,603103,横店影视,浙江,影视音像,hdys,主板,20171012,东阳市横店社团经济企业联合会,集体企业
3931,603105.SH,603105,芯能科技,浙江,电气设备,xnkj,主板,20180709,,
3932,603106.SH,603106,恒银科技,天津,IT设备,hykj,主板,20170920,,
3933,603107.SH,603107,上海汽配,上海,汽车配件,shqp,主板,20231101,上海市浦东新区北蔡镇人民政府,地方国企
3934,603108.SH,603108,润达医疗,上海,医药商业,rdyl,主板,20150527,杭州市拱墅区人民政府,地方国企
3935,603109.SH,603109,神驰机电,重庆,电气设备,scjd,主板,20191231,,
3936,603110.SH,603110,东方材料,安徽,染料涂料,dfcl,主板,20171013,樊家驹,外资企业
3937,603111.SH,603111,康尼机电,江苏,运输设备,knjd,主板,20140801,,
3938,603112.SH,603112,华翔股份,山西,机械基件,hxgf,主板,20200917,王春翔,民营企业
3939,603113.SH,603113,金能科技,山东,焦炭加工,jnkj,主板,20170511,,
3940,603115.SH,603115,海星股份,江苏,铝,hxgf,主板,20190809,,
3941,603116.SH,603116,红蜻蜓,浙江,服饰,hqt,主板,20150629,,
3942,603117.SH,603117,万林物流,江苏,仓储物流,wlwl,主板,20150629,樊继波,民营企业
3943,603118.SH,603118,共进股份,深圳,通信设备,gjgf,主板,20150225,无实际控制人,无
3944,603119.SH,603119,浙江荣泰,浙江,汽车配件,zjrt,主板,20230801,葛泰荣,民营企业
3945,603121.SH,603121,华培动力,上海,汽车配件,hpdl,主板,20190111,,
3946,603122.SH,603122,合富中国,上海,医药商业,hfzg,主板,20220216,无实际控制人,无
3947,603123.SH,603123,翠微股份,北京,多元金融,cwgf,主板,20120503,,
3948,603125.SH,603125,常青科技,江苏,化工原料,cqkj,主板,20230410,孙秋新,民营企业
3949,603126.SH,603126,中材节能,天津,环境保护,zcjn,主板,20140731,,
3950,603127.SH,603127,昭衍新药,北京,医疗保健,zyxy,主板,20170825,,
3951,603128.SH,603128,华贸物流,上海,仓储物流,hmwl,主板,20120529,国务院国有资产监督管理委员会,中央国企
3952,603129.SH,603129,春风动力,浙江,摩托车,cfdl,主板,20170818,,
3953,603130.SH,603130,云中马,浙江,纺织,yzm,主板,20221118,叶福忠,民营企业
3954,603131.SH,603131,上海沪工,上海,专用机械,shhg,主板,20160607,,
3955,603132.SH,603132,金徽股份,甘肃,铅锌,jhgf,主板,20220222,李明,民营企业
3956,603135.SH,603135,中重科技,天津,专用机械,zzkj,主板,20230410,马冰冰,民营企业
3957,603136.SH,603136,天目湖,江苏,旅游景点,tmh,主板,20170927,溧阳市人民政府,地方国企
3958,603137.SH,603137,恒尚节能,江苏,装修装饰,hsjn,主板,20230419,周祖庆,民营企业
3959,603138.SH,603138,海量数据,北京,软件服务,hlsj,主板,20170306,朱华威,民营企业
3960,603139.SH,603139,康惠制药,陕西,中成药,khzy,主板,20170421,,
3961,603150.SH,603150,万朗磁塑,安徽,塑料,wlcs,主板,20220124,时乾中,民营企业
3962,603151.SH,603151,邦基科技,山东,饲料,bjkj,主板,20221019,王由成,民营企业
3963,603153.SH,603153,上海建科,上海,建筑工程,shjk,主板,20230313,上海市国有资产监督管理委员会,地方国企
3964,603155.SH,603155,新亚强,江苏,化工原料,xyq,主板,20200901,初亚军,民营企业
3965,603156.SH,603156,养元饮品,河北,软饮料,yyyp,主板,20180212,,
3966,603158.SH,603158,腾龙股份,江苏,汽车配件,tlgf,主板,20150320,,
3967,603159.SH,603159,上海亚虹,上海,专用机械,shyh,主板,20160812,孙林,民营企业
3968,603160.SH,603160,汇顶科技,深圳,半导体,hdkj,主板,20161017,张帆,民营企业
3969,603161.SH,603161,科华控股,江苏,汽车配件,khkg,主板,20180105,,
3970,603162.SH,603162,海通发展,福建,水运,htfz,主板,20230329,曾而斌,民营企业
3971,603163.SH,603163,圣晖集成,江苏,建筑工程,shjc,主板,20221013,无实际控制人,无
3972,603165.SH,603165,荣晟环保,浙江,造纸,rshb,主板,20170117,,
3973,603166.SH,603166,福达股份,广西,汽车配件,fdgf,主板,20141127,,
3974,603167.SH,603167,渤海轮渡,山东,水运,bhld,主板,20120906,,
3975,603168.SH,603168,莎普爱思,浙江,化学制药,spas,主板,20140702,林弘立,民营企业
3976,603169.SH,603169,兰石重装,甘肃,专用机械,lszz,主板,20141009,,
3977,603170.SH,603170,宝立食品,上海,食品,blsp,主板,20220715,马驹,民营企业
3978,603171.SH,603171,税友股份,浙江,软件服务,sygf,主板,20210630,张镇潮,民营企业
3979,603172.SH,603172,万丰股份,浙江,染料涂料,wfgf,主板,20230510,俞杏英,民营企业
3980,603173.SH,603173,福斯达,浙江,机械基件,fsd,主板,20230130,葛浩俊,民营企业
3981,603176.SH,603176,汇通集团,河北,建筑工程,htjt,主板,20211231,张忠强,民营企业
3982,603177.SH,603177,德创环保,浙江,环境保护,dchb,主板,20170207,,
3983,603178.SH,603178,圣龙股份,浙江,汽车配件,slgf,主板,20170328,,
3984,603179.SH,603179,新泉股份,江苏,汽车配件,xqgf,主板,20170317,,
3985,603180.SH,603180,金牌家居,福建,家居用品,jpjj,主板,20170512,,
3986,603181.SH,603181,皇马科技,浙江,化工原料,hmkj,主板,20170824,,
3987,603182.SH,603182,嘉华股份,山东,食品,jhgf,主板,20220909,吴洪祥,民营企业
3988,603183.SH,603183,建研院,江苏,建筑工程,jyy,主板,20170905,吴小翔,民营企业
3989,603185.SH,603185,弘元绿能,江苏,电气设备,hyln,主板,20181228,,
3990,603186.SH,603186,华正新材,浙江,元器件,hzxc,主板,20170103,,
3991,603187.SH,603187,海容冷链,山东,机械基件,hrll,主板,20181129,,
3992,603188.SH,603188,亚邦股份,江苏,染料涂料,ybgf,主板,20140909,许芸霞,民营企业
3993,603189.SH,603189,网达软件,上海,软件服务,wdrj,主板,20160914,,
3994,603190.SH,603190,亚通精工,山东,汽车配件,ytjg,主板,20230217,焦召明,民营企业
3995,603191.SH,603191,望变电气,重庆,电气设备,wbdq,主板,20220428,杨泽民,民营企业
3996,603192.SH,603192,汇得科技,上海,化工原料,hdkj,主板,20180828,,
3997,603193.SH,603193,润本股份,广东,日用化工,rbgf,主板,20231017,赵贵钦,民营企业
3998,603195.SH,603195,公牛集团,浙江,家用电器,gnjt,主板,20200206,,
3999,603196.SH,603196,日播时尚,上海,服饰,rbss,主板,20170531,,
4000,603197.SH,603197,保隆科技,上海,汽车配件,blkj,主板,20170519,,
4001,603198.SH,603198,迎驾贡酒,安徽,白酒,yjgj,主板,20150528,,
4002,603199.SH,603199,九华旅游,安徽,旅游景点,jhly,主板,20150326,池州市政府国有资产监督管理委员会,地方国企
4003,603200.SH,603200,上海洗霸,上海,环境保护,shxb,主板,20170601,,
4004,603201.SH,603201,常润股份,江苏,汽车配件,crgf,主板,20220729,JUN JI,外资企业
4005,603203.SH,603203,快克智能,江苏,专用机械,kkzn,主板,20161108,,
4006,603206.SH,603206,嘉环科技,江苏,通信设备,jhkj,主板,20220506,宗琰,民营企业
4007,603207.SH,603207,小方制药,上海,化学制药,xfzy,主板,20240826,方之光,外资企业
4008,603208.SH,603208,江山欧派,浙江,家居用品,jsop,主板,20170210,,
4009,603209.SH,603209,兴通股份,福建,水运,xtgf,主板,20220324,陈兴明,民营企业
4010,603211.SH,603211,晋拓股份,上海,汽车配件,jtgf,主板,20220725,张东,民营企业
4011,603212.SH,603212,赛伍技术,江苏,塑料,swjs,主板,20200430,,
4012,603213.SH,603213,镇洋发展,浙江,化工原料,zyfz,主板,20211111,浙江省交通投资集团有限公司,地方国企
4013,603214.SH,603214,爱婴室,上海,百货,ays,主板,20180330,施琼,民营企业
4014,603215.SH,603215,比依股份,浙江,家用电器,bygf,主板,20220218,闻继望,外资企业
4015,603216.SH,603216,梦天家居,浙江,家居用品,mtjj,主板,20211215,余静渊,民营企业
4016,603217.SH,603217,元利科技,山东,化工原料,ylkj,主板,20190620,,
4017,603218.SH,603218,日月股份,浙江,电气设备,rygf,主板,20161228,傅明康,民营企业
4018,603219.SH,603219,富佳股份,浙江,家用电器,fjgf,主板,20211122,王跃旦,民营企业
4019,603220.SH,603220,中贝通信,湖北,通信设备,zbtx,主板,20181115,,
4020,603221.SH,603221,爱丽家居,江苏,家居用品,aljj,主板,20200323,宋正兴,民营企业
4021,603222.SH,603222,济民健康,浙江,医疗保健,jmjk,主板,20150217,李丽莎,民营企业
4022,603223.SH,603223,恒通股份,山东,公路,htgf,主板,20150630,龙口市东江街道南山村村民委员会,民营企业
4023,603225.SH,603225,新凤鸣,浙江,化纤,xfm,主板,20170418,,
4024,603226.SH,603226,菲林格尔,上海,家居用品,flge,主板,20170615,丁福如,外资企业
4025,603227.SH,603227,雪峰科技,新疆,化工原料,xfkj,主板,20150515,,
4026,603228.SH,603228,景旺电子,深圳,元器件,jwdz,主板,20170106,刘绍柏,民营企业
4027,603229.SH,603229,奥翔药业,浙江,化学制药,axyy,主板,20170509,,
4028,603230.SH,603230,内蒙新华,内蒙,出版业,nmxh,主板,20211224,内蒙古自治区人民政府,地方国企
4029,603231.SH,603231,索宝蛋白,浙江,食品,sbdb,主板,20231215,刘季善,民营企业
4030,603232.SH,603232,格尔软件,上海,软件服务,gerj,主板,20170421,,
4031,603233.SH,603233,大参林,广东,医药商业,dsl,主板,20170731,,
4032,603235.SH,603235,天新药业,江西,化学制药,txyy,主板,20220712,许江南,民营企业
4033,603236.SH,603236,移远通信,上海,通信设备,yytx,主板,20190716,,
4034,603237.SH,603237,五芳斋,浙江,食品,wfz,主板,20220831,厉建平,外资企业
4035,603238.SH,603238,诺邦股份,浙江,纺织,nbgf,主板,20170222,,
4036,603239.SH,603239,浙江仙通,浙江,汽车配件,zjxt,主板,20161230,台州市人民政府国有资产监督管理委员会,地方国企
4037,603255.SH,603255,鼎际得,辽宁,化工原料,djd,主板,20220818,张再明,民营企业
4038,603256.SH,603256,宏和科技,上海,玻璃,hhkj,主板,20190719,,
4039,603258.SH,603258,电魂网络,浙江,互联网,dhwl,主板,20161026,胡建平,民营企业
4040,603259.SH,603259,药明康德,江苏,化学制药,ymkd,主板,20180508,GeLi(李革),外资企业
4041,603260.SH,603260,合盛硅业,浙江,化工原料,hsgy,主板,20171030,罗立国,民营企业
4042,603261.SH,603261,立航科技,四川,航空,lhkj,主板,20220315,刘随阳,民营企业
4043,603266.SH,603266,天龙股份,浙江,汽车配件,tlgf,主板,20170110,胡建立,民营企业
4044,603267.SH,603267,鸿远电子,北京,元器件,hydz,主板,20190515,,
4045,603268.SH,603268,松发股份,广东,家居用品,sfgf,主板,20150319,,
4046,603269.SH,603269,海鸥股份,江苏,机械基件,hogf,主板,20170517,,
4047,603270.SH,603270,金帝股份,山东,机械基件,jdgf,主板,20230901,郑广会,民营企业
4048,603272.SH,603272,联翔股份,浙江,家居用品,lxgf,主板,20220520,卜晓华,民营企业
4049,603273.SH,603273,天元智能,江苏,专用机械,tyzn,主板,20231023,吴逸中,民营企业
4050,603275.SH,603275,众辰科技,上海,电器仪表,zckj,主板,20230823,张建军,民营企业
4051,603276.SH,603276,恒兴新材,江苏,化工原料,hxxc,主板,20230925,张千,民营企业
4052,603277.SH,603277,银都股份,浙江,专用机械,ydgf,主板,20170911,,
4053,603278.SH,603278,大业股份,山东,钢加工,dygf,主板,20171113,,
4054,603279.SH,603279,景津装备,山东,环境保护,jjzb,主板,20190729,,
4055,603280.SH,603280,南方路机,福建,工程机械,nflj,主板,20221108,方庆熙,民营企业
4056,603281.SH,603281,江瀚新材,湖北,化工原料,jhxc,主板,20230131,甘书官,民营企业
4057,603282.SH,603282,亚光股份,浙江,专用机械,yggf,主板,20230315,陈国华,民营企业
4058,603283.SH,603283,赛腾股份,江苏,专用机械,stgf,主板,20171225,,
4059,603285.SH,603285,键邦股份,山东,化工原料,jbgf,主板,20240705,朱剑波,民营企业
4060,603286.SH,603286,日盈电子,江苏,汽车配件,rydz,主板,20170627,,
4061,603288.SH,603288,海天味业,广东,食品,htwy,主板,20140211,庞康,民营企业
4062,603289.SH,603289,泰瑞机器,浙江,专用机械,trjq,主板,20171031,,
4063,603290.SH,603290,斯达半导,浙江,半导体,sdbd,主板,20200204,沈华,外资企业
4064,603291.SH,603291,联合水务,江苏,水务,lhsw,主板,20230327,俞伟景,外资企业
4065,603296.SH,603296,华勤技术,上海,元器件,hqjs,主板,20230808,邱文生,民营企业
4066,603297.SH,603297,永新光学,浙江,元器件,yxgx,主板,20180910,曹其东,外资企业
4067,603298.SH,603298,杭叉集团,浙江,工程机械,hcjt,主板,20161227,,
4068,603299.SH,603299,苏盐井神,江苏,食品,syjs,主板,20151231,江苏省政府国有资产监督管理委员会,地方国企
4069,603300.SH,603300,华铁应急,浙江,多元金融,htyj,主板,20150529,胡丹锋,民营企业
4070,603301.SH,603301,振德医疗,浙江,医疗保健,zdyl,主板,20180412,,
4071,603303.SH,603303,得邦照明,浙江,家用电器,dbzm,主板,20170330,东阳市横店社团经济企业联合会,集体企业
4072,603305.SH,603305,旭升集团,浙江,汽车配件,xsjt,主板,20170710,,
4073,603306.SH,603306,华懋科技,福建,汽车配件,hmkj,主板,20140926,赖方静静,外资企业
4074,603307.SH,603307,扬州金泉,江苏,文教休闲,yzjq,主板,20230216,林明稳,民营企业
4075,603308.SH,603308,应流股份,安徽,机械基件,ylgf,主板,20140122,,
4076,603309.SH,603309,维力医疗,广东,医疗保健,wlyl,主板,20150302,向彬,外资企业
4077,603310.SH,603310,巍华新材,浙江,化工原料,whxc,主板,20240814,吴江伟,民营企业
4078,603311.SH,603311,金海高科,浙江,家用电器,jhgk,主板,20150518,,
4079,603312.SH,603312,西典新能,江苏,电气设备,xdxn,主板,20240111,SHENG JIAN HUA,外资企业
4080,603313.SH,603313,梦百合,江苏,家居用品,mbh,主板,20161013,,
4081,603315.SH,603315,福鞍股份,辽宁,环境保护,fagf,主板,20150424,,
4082,603316.SH,603316,诚邦股份,浙江,建筑工程,cbgf,主板,20170619,,
4083,603317.SH,603317,天味食品,四川,食品,twsp,主板,20190416,,
4084,603318.SH,603318,水发燃气,辽宁,供气供热,sfrq,主板,20150424,山东省人民政府国有资产监督管理委员会,地方国企
4085,603319.SH,603319,湘油泵,湖南,汽车配件,xyb,主板,20161130,,
4086,603320.SH,603320,迪贝电气,浙江,电气设备,dbdq,主板,20170502,,
4087,603321.SH,603321,梅轮电梯,浙江,运输设备,mldt,主板,20170915,,
4088,603322.SH,603322,超讯通信,广东,通信设备,cxtx,主板,20160728,,
4089,603323.SH,603323,苏农银行,江苏,银行,snyh,主板,20161129,,
4090,603324.SH,603324,盛剑科技,上海,环境保护,sjkj,主板,20210407,张伟明,民营企业
4091,603325.SH,603325,博隆技术,上海,化工机械,bljs,主板,20240110,张玲珑,民营企业
4092,603326.SH,603326,我乐家居,江苏,家居用品,wljj,主板,20170616,NINA YANTI MIAO,外资企业
4093,603327.SH,603327,福蓉科技,四川,元器件,frkj,主板,20190523,,
4094,603328.SH,603328,依顿电子,广东,元器件,yddz,主板,20140701,李永强,外资企业
4095,603329.SH,603329,上海雅仕,上海,仓储物流,shys,主板,20171229,,
4096,603330.SH,603330,天洋新材,上海,塑料,tyxc,主板,20170213,,
4097,603331.SH,603331,百达精工,浙江,专用机械,bdjg,主板,20170705,施小友,民营企业
4098,603332.SH,603332,苏州龙杰,江苏,化纤,szlj,主板,20190117,,
4099,603333.SH,603333,尚纬股份,四川,电气设备,swgf,主板,20120507,李广胜,民营企业
4100,603335.SH,603335,迪生力,广东,汽车配件,dsl,主板,20170620,,
4101,603336.SH,603336,宏辉果蔬,广东,农业综合,hhgs,主板,20161124,,
4102,603337.SH,603337,杰克股份,浙江,纺织机械,jkgf,主板,20170119,,
4103,603338.SH,603338,浙江鼎力,浙江,工程机械,zjdl,主板,20150325,,
4104,603339.SH,603339,四方科技,江苏,专用机械,sfkj,主板,20160519,,
4105,603341.SH,603341,龙旗科技,上海,通信设备,lqkj,主板,20240301,杜军红,民营企业
4106,603344.SH,603344,星德胜,江苏,电气设备,xds,主板,20240320,朱云舫,民营企业
4107,603345.SH,603345,安井食品,福建,食品,ajsp,主板,20170222,,
4108,603348.SH,603348,文灿股份,广东,汽车配件,wcgf,主板,20180426,,
4109,603350.SH,603350,安乃达,上海,电气设备,and,主板,20240703,黄洪岳,民营企业
4110,603351.SH,603351,威尔药业,江苏,化学制药,weyy,主板,20190130,,
4111,603353.SH,603353,和顺石油,湖南,石油贸易,hssy,主板,20200407,,
4112,603355.SH,603355,莱克电气,江苏,家用电器,lkdq,主板,20150513,,
4113,603356.SH,603356,华菱精工,安徽,运输设备,hljg,主板,20180124,,
4114,603357.SH,603357,设计总院,安徽,建筑工程,sjzy,主板,20170801,,
4115,603358.SH,603358,华达科技,江苏,汽车配件,hdkj,主板,20170125,,
4116,603359.SH,603359,东珠生态,江苏,建筑工程,dzst,主板,20170901,席惠明,民营企业
4117,603360.SH,603360,百傲化学,辽宁,农药化肥,bahx,主板,20170206,刘宪武,民营企业
4118,603363.SH,603363,*ST傲农,福建,饲料,stan,主板,20170926,,
4119,603365.SH,603365,水星家纺,上海,纺织,sxjf,主板,20171120,,
4120,603366.SH,603366,日出东方,江苏,家用电器,rcdf,主板,20120521,,
4121,603367.SH,603367,辰欣药业,山东,化学制药,cxyy,主板,20170929,,
4122,603368.SH,603368,柳药集团,广西,医药商业,lyjt,主板,20141204,,
4123,603369.SH,603369,今世缘,江苏,白酒,jsy,主板,20140703,涟水县人民政府,地方国企
4124,603373.SH,603373,安邦护卫,浙江,仓储物流,abhw,主板,20231220,浙江省人民政府国有资产监督管理委员会,地方国企
4125,603375.SH,603375,盛景微,江苏,半导体,sjw,主板,20240124,张永刚,民营企业
4126,603377.SH,603377,ST东时,北京,汽车服务,stds,主板,20160205,,
4127,603378.SH,603378,亚士创能,上海,染料涂料,yscn,主板,20170928,,
4128,603379.SH,603379,三美股份,浙江,化工原料,smgf,主板,20190402,,
4129,603380.SH,603380,易德龙,江苏,元器件,ydl,主板,20170622,,
4130,603381.SH,603381,永臻股份,江苏,电气设备,yzgf,主板,20240626,汪献利,民营企业
4131,603383.SH,603383,顶点软件,福建,软件服务,ddrj,主板,20170522,,
4132,603385.SH,603385,惠达卫浴,河北,家居用品,hdwy,主板,20170405,,
4133,603386.SH,603386,骏亚科技,广东,元器件,jykj,主板,20170912,叶晓彬,外资企业
4134,603387.SH,603387,基蛋生物,江苏,医疗保健,jdsw,主板,20170717,,
4135,603388.SH,603388,ST元成,浙江,建筑工程,styc,主板,20170324,,
4136,603389.SH,603389,亚振家居,江苏,家居用品,yzjj,主板,20161215,,
4137,603390.SH,603390,通达电气,广东,汽车配件,tddq,主板,20191125,,
4138,603391.SH,603391,力聚热能,浙江,专用机械,ljrn,主板,20240731,何俊南,民营企业
4139,603392.SH,603392,万泰生物,北京,生物制药,wtsw,主板,20200429,钟睒睒,民营企业
4140,603393.SH,603393,新天然气,新疆,供气供热,xtrq,主板,20160912,,
4141,603396.SH,603396,金辰股份,辽宁,专用机械,jcgf,主板,20171018,,
4142,603398.SH,603398,沐邦高科,江西,电气设备,mbgk,主板,20151209,廖志远,民营企业
4143,603399.SH,603399,永杉锂业,辽宁,小金属,ysly,主板,20120824,,
4144,603408.SH,603408,建霖家居,福建,家居用品,jljj,主板,20200730,吕理镇,外资企业
4145,603416.SH,603416,信捷电气,江苏,电器仪表,xjdq,主板,20161221,,
4146,603421.SH,603421,鼎信通讯,山东,通信设备,dxtx,主板,20161011,,
4147,603429.SH,603429,集友股份,安徽,广告包装,jygf,主板,20170124,,
4148,603439.SH,603439,贵州三力,贵州,中成药,gzsl,主板,20200428,张海,民营企业
4149,603444.SH,603444,吉比特,福建,互联网,jbt,主板,20170104,,
4150,603456.SH,603456,九洲药业,浙江,医疗保健,jzyy,主板,20141010,,
4151,603458.SH,603458,勘设股份,贵州,建筑工程,ksgf,主板,20170809,,
4152,603466.SH,603466,风语筑,上海,文教休闲,fyz,主板,20171020,,
4153,603477.SH,603477,巨星农牧,四川,农业综合,jxnm,主板,20171218,,
4154,603486.SH,603486,科沃斯,江苏,家用电器,kws,主板,20180528,,
4155,603488.SH,603488,展鹏科技,江苏,运输设备,zpkj,主板,20170516,金培荣,民营企业
4156,603489.SH,603489,八方股份,江苏,电气设备,bfgf,主板,20191111,,
4157,603496.SH,603496,恒为科技,上海,IT设备,hwkj,主板,20170607,,
4158,603499.SH,603499,翔港科技,上海,广告包装,xgkj,主板,20171016,,
4159,603500.SH,603500,祥和实业,浙江,运输设备,xhsy,主板,20170904,,
4160,603501.SH,603501,韦尔股份,上海,半导体,wegf,主板,20170504,,
4161,603505.SH,603505,金石资源,浙江,化工原料,jszy,主板,20170503,,
4162,603506.SH,603506,南都物业,浙江,房产服务,ndwy,主板,20180201,,
4163,603507.SH,603507,振江股份,江苏,电气设备,zjgf,主板,20171106,,
4164,603508.SH,603508,思维列控,河南,IT设备,swlk,主板,20151224,,
4165,603511.SH,603511,爱慕股份,北京,服饰,amgf,主板,20210531,张荣明,民营企业
4166,603515.SH,603515,欧普照明,上海,家用电器,opzm,主板,20160819,,
4167,603516.SH,603516,淳中科技,北京,IT设备,czkj,主板,20180202,,
4168,603517.SH,603517,绝味食品,湖南,食品,jwsp,主板,20170317,,
4169,603518.SH,603518,锦泓集团,江苏,服饰,jhjt,主板,20141203,,
4170,603519.SH,603519,立霸股份,江苏,家用电器,lbgf,主板,20150319,,
4171,603520.SH,603520,司太立,浙江,化学制药,stl,主板,20160309,,
4172,603527.SH,603527,众源新材,安徽,铜,zyxc,主板,20170907,,
4173,603528.SH,603528,多伦科技,江苏,软件服务,dlkj,主板,20160503,章安强,外资企业
4174,603529.SH,603529,爱玛科技,天津,摩托车,amkj,主板,20210615,张剑,民营企业
4175,603530.SH,603530,神马电力,江苏,电气设备,smdl,主板,20190805,,
4176,603533.SH,603533,掌阅科技,北京,互联网,zykj,主板,20170921,,
4177,603535.SH,603535,嘉诚国际,广东,仓储物流,jcgj,主板,20170808,,
4178,603536.SH,603536,惠发食品,山东,食品,hfsp,主板,20170613,,
4179,603538.SH,603538,美诺华,浙江,化学制药,mnh,主板,20170407,,
4180,603551.SH,603551,奥普科技,浙江,家居用品,apkj,主板,20200115,Fang James,外资企业
4181,603556.SH,603556,海兴电力,浙江,电器仪表,hxdl,主板,20161110,周良璋,民营企业
4182,603557.SH,603557,ST起步,浙江,服饰,stqb,主板,20170818,章利民,外资企业
4183,603558.SH,603558,健盛集团,浙江,纺织,jsjt,主板,20150127,,
4184,603559.SH,603559,*ST通脉,吉林,通信设备,sttm,主板,20161202,王世超,民营企业
4185,603565.SH,603565,中谷物流,上海,水运,zgwl,主板,20200925,,
4186,603566.SH,603566,普莱柯,河南,农业综合,plk,主板,20150518,,
4187,603567.SH,603567,珍宝岛,黑龙江,中成药,zbd,主板,20150424,方同华,民营企业
4188,603568.SH,603568,伟明环保,浙江,环境保护,wmhb,主板,20150528,,
4189,603569.SH,603569,长久物流,北京,公路,cjwl,主板,20160810,,
4190,603577.SH,603577,汇金通,山东,电气设备,hjt,主板,20161222,韩敬远,民营企业
4191,603578.SH,603578,三星新材,浙江,家用电器,sxxc,主板,20170306,,
4192,603579.SH,603579,荣泰健康,上海,家用电器,rtjk,主板,20170111,,
4193,603580.SH,603580,艾艾精工,上海,塑料,aajg,主板,20170525,,
4194,603583.SH,603583,捷昌驱动,浙江,电气设备,jcqd,主板,20180921,,
4195,603585.SH,603585,苏利股份,江苏,农药化肥,slgf,主板,20161214,,
4196,603586.SH,603586,金麒麟,山东,汽车配件,jql,主板,20170406,,
4197,603587.SH,603587,地素时尚,上海,服饰,dsss,主板,20180622,,
4198,603588.SH,603588,高能环境,北京,环境保护,gnhj,主板,20141229,,
4199,603589.SH,603589,口子窖,安徽,白酒,kzj,主板,20150629,,
4200,603590.SH,603590,康辰药业,北京,生物制药,kcyy,主板,20180827,,
4201,603595.SH,603595,东尼电子,浙江,元器件,dndz,主板,20170712,,
4202,603596.SH,603596,伯特利,安徽,汽车配件,btl,主板,20180427,,
4203,603598.SH,603598,引力传媒,北京,互联网,ylcm,主板,20150527,,
4204,603599.SH,603599,广信股份,安徽,农药化肥,gxgf,主板,20150513,,
4205,603600.SH,603600,永艺股份,浙江,家居用品,yygf,主板,20150123,,
4206,603601.SH,603601,再升科技,重庆,玻璃,zskj,主板,20150122,,
4207,603602.SH,603602,纵横通信,浙江,通信设备,zhtx,主板,20170810,,
4208,603605.SH,603605,珀莱雅,浙江,日用化工,bly,主板,20171115,,
4209,603606.SH,603606,东方电缆,浙江,电气设备,dfdl,主板,20141015,,
4210,603607.SH,603607,京华激光,浙江,造纸,jhjg,主板,20171025,,
4211,603608.SH,603608,*ST天创,广东,服饰,sttc,主板,20160218,梁耀华,外资企业
4212,603609.SH,603609,禾丰股份,辽宁,饲料,hfgf,主板,20140808,,
4213,603610.SH,603610,麒盛科技,浙江,家居用品,qskj,主板,20191029,,
4214,603611.SH,603611,诺力股份,浙江,专用机械,nlgf,主板,20150128,,
4215,603612.SH,603612,索通发展,山东,矿物制品,stfz,主板,20170718,,
4216,603613.SH,603613,国联股份,北京,互联网,glgf,主板,20190730,,
4217,603615.SH,603615,茶花股份,福建,家居用品,chgf,主板,20170213,,
4218,603616.SH,603616,韩建河山,北京,水泥,hjhs,主板,20150611,北京市房山区韩村河镇韩村河村经济合作社,无
4219,603617.SH,603617,君禾股份,浙江,机械基件,jhgf,主板,20170703,,
4220,603618.SH,603618,杭电股份,浙江,电气设备,hdgf,主板,20150217,孙庆炎,民营企业
4221,603619.SH,603619,中曼石油,上海,石油开采,zmsy,主板,20171117,,
4222,603626.SH,603626,科森科技,江苏,元器件,kskj,主板,20170209,,
4223,603628.SH,603628,清源股份,福建,电气设备,qygf,主板,20170112,Hong Daniel,外资企业
4224,603629.SH,603629,利通电子,江苏,元器件,ltdz,主板,20181224,,
4225,603630.SH,603630,拉芳家化,广东,日用化工,lfjh,主板,20170313,,
4226,603633.SH,603633,徕木股份,上海,汽车配件,lmgf,主板,20161117,,
4227,603636.SH,603636,南威软件,福建,软件服务,nwrj,主板,20141230,吴志雄,民营企业
4228,603637.SH,603637,镇海股份,浙江,建筑工程,zhgf,主板,20170208,余姚市国有资产管理办公室,地方国企
4229,603638.SH,603638,艾迪精密,山东,专用机械,adjm,主板,20170120,冯晓鸿,外资企业
4230,603639.SH,603639,海利尔,山东,农药化肥,hle,主板,20170112,,
4231,603648.SH,603648,畅联股份,上海,仓储物流,clgf,主板,20170913,上海市浦东新区国有资产监督管理委员会,地方国企
4232,603650.SH,603650,彤程新材,上海,化工原料,tcxc,主板,20180627,Zhang Ning,外资企业
4233,603655.SH,603655,朗博科技,江苏,汽车配件,lbkj,主板,20171229,戚建国,民营企业
4234,603656.SH,603656,泰禾智能,安徽,专用机械,thzn,主板,20170321,,
4235,603657.SH,603657,春光科技,浙江,家用电器,cgkj,主板,20180730,,
4236,603658.SH,603658,安图生物,河南,医疗保健,atsw,主板,20160901,,
4237,603659.SH,603659,璞泰来,上海,化工原料,ptl,主板,20171103,,
4238,603660.SH,603660,苏州科达,江苏,IT设备,szkd,主板,20161201,,
4239,603661.SH,603661,恒林股份,浙江,家居用品,hlgf,主板,20171121,,
4240,603662.SH,603662,柯力传感,浙江,电器仪表,klcg,主板,20190806,,
4241,603663.SH,603663,三祥新材,福建,小金属,sxxc,主板,20160801,,
4242,603665.SH,603665,康隆达,浙江,服饰,kld,主板,20170313,,
4243,603666.SH,603666,亿嘉和,江苏,专用机械,yjh,主板,20180612,,
4244,603667.SH,603667,五洲新春,浙江,机械基件,wzxc,主板,20161025,,
4245,603668.SH,603668,天马科技,福建,饲料,tmkj,主板,20170117,,
4246,603669.SH,603669,灵康药业,西藏,化学制药,lkyy,主板,20150528,,
4247,603676.SH,603676,卫信康,西藏,化学制药,wxk,主板,20170721,,
4248,603677.SH,603677,奇精机械,浙江,家用电器,qjjx,主板,20170206,宁波市人民政府国有资产监督管理委员会,地方国企
4249,603678.SH,603678,火炬电子,福建,元器件,hjdz,主板,20150126,,
4250,603679.SH,603679,华体科技,四川,电气设备,htkj,主板,20170621,,
4251,603680.SH,603680,今创集团,江苏,运输设备,jcjt,主板,20180227,,
4252,603681.SH,603681,永冠新材,上海,化工原料,ygxc,主板,20190326,,
4253,603682.SH,603682,锦和商管,上海,房产服务,jhsg,主板,20200421,郁敏珺,民营企业
4254,603683.SH,603683,晶华新材,上海,化工原料,jhxc,主板,20171020,,
4255,603685.SH,603685,晨丰科技,浙江,电气设备,cfkj,主板,20171127,丁闵,民营企业
4256,603686.SH,603686,福龙马,福建,环境保护,flm,主板,20150126,,
4257,603687.SH,603687,大胜达,浙江,广告包装,dsd,主板,20190726,,
4258,603688.SH,603688,石英股份,江苏,矿物制品,sygf,主板,20141031,,
4259,603689.SH,603689,皖天然气,安徽,供气供热,wtrq,主板,20170110,,
4260,603690.SH,603690,至纯科技,上海,半导体,zckj,主板,20170113,,
4261,603693.SH,603693,江苏新能,江苏,新型电力,jsxn,主板,20180703,,
4262,603696.SH,603696,安记食品,福建,食品,ajsp,主板,20151209,,
4263,603697.SH,603697,有友食品,重庆,食品,yysp,主板,20190508,,
4264,603698.SH,603698,航天工程,北京,专用机械,htgc,主板,20150128,,
4265,603699.SH,603699,纽威股份,江苏,机械基件,nwgf,主板,20140117,,
4266,603700.SH,603700,宁水集团,浙江,电器仪表,nsjt,主板,20190122,,
4267,603701.SH,603701,德宏股份,浙江,汽车配件,dhgf,主板,20160412,宁波市镇海区国有资产管理服务中心,地方国企
4268,603703.SH,603703,盛洋科技,浙江,元器件,sykj,主板,20150423,,
4269,603706.SH,603706,东方环宇,新疆,供气供热,dfhy,主板,20180709,李明,民营企业
4270,603707.SH,603707,健友股份,江苏,生物制药,jygf,主板,20170719,唐咏群,外资企业
4271,603708.SH,603708,家家悦,山东,超市连锁,jjy,主板,20161213,,
4272,603709.SH,603709,中源家居,浙江,家居用品,zyjj,主板,20180208,,
4273,603711.SH,603711,香飘飘,浙江,软饮料,xpp,主板,20171130,,
4274,603712.SH,603712,七一二,天津,通信设备,qye,主板,20180226,,
4275,603713.SH,603713,密尔克卫,上海,仓储物流,mekw,主板,20180713,,
4276,603716.SH,603716,塞力医疗,湖北,医药商业,slyl,主板,20161031,,
4277,603717.SH,603717,天域生物,重庆,农业综合,tysw,主板,20170327,,
4278,603718.SH,603718,海利生物,上海,农业综合,hlsw,主板,20150515,,
4279,603719.SH,603719,良品铺子,湖北,食品,lppz,主板,20200224,,
4280,603721.SH,603721,中广天择,湖南,影视音像,zgtz,主板,20170811,长沙广播电视集团(长沙电视台、长沙人民广播电台),地方国企
4281,603722.SH,603722,阿科力,江苏,化工原料,akl,主板,20171025,朱学军,民营企业
4282,603725.SH,603725,天安新材,广东,塑料,taxc,主板,20170906,,
4283,603726.SH,603726,朗迪集团,浙江,家用电器,ldjt,主板,20160421,,
4284,603727.SH,603727,博迈科,天津,石油开采,bmk,主板,20161122,,
4285,603728.SH,603728,鸣志电器,上海,电气设备,mzdq,主板,20170509,,
4286,603729.SH,603729,龙韵股份,上海,广告包装,lygf,主板,20150324,,
4287,603730.SH,603730,岱美股份,上海,汽车配件,dmgf,主板,20170728,,
4288,603733.SH,603733,仙鹤股份,浙江,造纸,xhgf,主板,20180420,,
4289,603737.SH,603737,三棵树,福建,染料涂料,sks,主板,20160603,,
4290,603738.SH,603738,泰晶科技,湖北,元器件,tjkj,主板,20160928,喻信东,民营企业
4291,603739.SH,603739,蔚蓝生物,山东,农业综合,wlsw,主板,20190116,,
4292,603755.SH,603755,日辰股份,山东,食品,rcgf,主板,20190828,,
4293,603757.SH,603757,大元泵业,浙江,机械基件,dyby,主板,20170711,,
4294,603758.SH,603758,秦安股份,重庆,汽车配件,qagf,主板,20170517,,
4295,603759.SH,603759,海天股份,四川,水务,htgf,主板,20210326,费功全,民营企业
4296,603766.SH,603766,隆鑫通用,重庆,摩托车,lxty,主板,20120810,,
4297,603767.SH,603767,中马传动,浙江,汽车配件,zmcd,主板,20170613,,
4298,603768.SH,603768,常青股份,安徽,汽车配件,cqgf,主板,20170324,,
4299,603773.SH,603773,沃格光电,江西,元器件,wggd,主板,20180417,,
4300,603776.SH,603776,永安行,江苏,公共交通,yax,主板,20170817,,
4301,603777.SH,603777,来伊份,上海,食品,lyf,主板,20161012,,
4302,603778.SH,603778,国晟科技,北京,电气设备,gskj,主板,20151231,,
4303,603779.SH,603779,威龙股份,山东,红黄酒,wlgf,主板,20160516,无实际控制人,无
4304,603786.SH,603786,科博达,上海,汽车配件,kbd,主板,20191015,,
4305,603787.SH,603787,新日股份,江苏,摩托车,xrgf,主板,20170427,,
4306,603788.SH,603788,宁波高发,浙江,汽车配件,nbgf,主板,20150120,,
4307,603789.SH,603789,星光农机,浙江,农用机械,xgnj,主板,20150427,无实际控制人,无
4308,603790.SH,603790,雅运股份,上海,染料涂料,yygf,主板,20180912,,
4309,603797.SH,603797,联泰环保,广东,环境保护,lthb,主板,20170413,,
4310,603798.SH,603798,康普顿,山东,石油加工,kpd,主板,20160406,,
4311,603799.SH,603799,华友钴业,浙江,小金属,hygy,主板,20150129,谢伟通,外资企业
4312,603800.SH,603800,道森股份,江苏,专用机械,dsgf,主板,20151210,赵伟斌,民营企业
4313,603801.SH,603801,志邦家居,安徽,家居用品,zbjj,主板,20170630,,
4314,603803.SH,603803,瑞斯康达,北京,通信设备,rskd,主板,20170420,朱春城,民营企业
4315,603806.SH,603806,福斯特,浙江,塑料,fst,主板,20140905,,
4316,603808.SH,603808,歌力思,深圳,服饰,gls,主板,20150422,夏国新,民营企业
4317,603809.SH,603809,豪能股份,四川,汽车配件,hngf,主板,20171128,向朝东,民营企业
4318,603810.SH,603810,丰山集团,江苏,农药化肥,fsjt,主板,20180917,,
4319,603811.SH,603811,诚意药业,浙江,化学制药,cyyy,主板,20170315,,
4320,603813.SH,603813,原尚股份,广东,公路,ysgf,主板,20170918,,
4321,603815.SH,603815,交建股份,安徽,建筑工程,jjgf,主板,20191021,,
4322,603816.SH,603816,顾家家居,浙江,家居用品,gjjj,主板,20161014,,
4323,603817.SH,603817,海峡环保,福建,环境保护,hxhb,主板,20170220,福州市人民政府国有资产监督管理委员会,地方国企
4324,603818.SH,603818,曲美家居,北京,家居用品,qmjj,主板,20150422,,
4325,603819.SH,603819,神力股份,江苏,电气设备,slgf,主板,20161125,,
4326,603822.SH,603822,嘉澳环保,浙江,化工原料,jahb,主板,20160428,,
4327,603823.SH,603823,百合花,浙江,染料涂料,bhh,主板,20161220,,
4328,603825.SH,603825,华扬联众,湖南,互联网,hylz,主板,20170802,,
4329,603826.SH,603826,坤彩科技,福建,染料涂料,kckj,主板,20170414,,
4330,603828.SH,603828,ST柯利达,江苏,装修装饰,stkld,主板,20150226,顾益明,民营企业
4331,603829.SH,603829,洛凯股份,江苏,电气设备,lkgf,主板,20171017,,
4332,603833.SH,603833,欧派家居,广东,家居用品,opjj,主板,20170328,,
4333,603836.SH,603836,海程邦达,山东,仓储物流,hcbd,主板,20210526,唐海,民营企业
4334,603838.SH,603838,四通股份,广东,家居用品,stgf,主板,20150701,黄建平,民营企业
4335,603839.SH,603839,安正时尚,浙江,服饰,azss,主板,20170214,,
4336,603843.SH,603843,正平股份,青海,建筑工程,zpgf,主板,20160905,,
4337,603848.SH,603848,好太太,广东,家居用品,htt,主板,20171201,,
4338,603855.SH,603855,华荣股份,上海,专用机械,hrgf,主板,20170524,,
4339,603856.SH,603856,东宏股份,山东,塑料,dhgf,主板,20171106,,
4340,603858.SH,603858,步长制药,山东,中成药,bczy,主板,20161118,赵涛,外资企业
4341,603859.SH,603859,能科科技,北京,软件服务,nkkj,主板,20161021,祖军,民营企业
4342,603860.SH,603860,中公高科,北京,建筑工程,zggk,主板,20170802,交通运输部公路科学研究所,中央国企
4343,603861.SH,603861,白云电器,广东,电气设备,bydq,主板,20160322,,
4344,603863.SH,603863,松炀资源,广东,造纸,syzy,主板,20190621,王壮鹏,民营企业
4345,603866.SH,603866,桃李面包,辽宁,食品,tlmb,主板,20151222,,
4346,603867.SH,603867,新化股份,浙江,化工原料,xhgf,主板,20190627,,
4347,603868.SH,603868,飞科电器,上海,家用电器,fkdq,主板,20160418,,
4348,603869.SH,603869,ST智知,广西,软件服务,stzz,主板,20150326,,
4349,603871.SH,603871,嘉友国际,北京,仓储物流,jygj,主板,20180206,,
4350,603876.SH,603876,鼎胜新材,江苏,铝,dsxc,主板,20180418,,
4351,603877.SH,603877,太平鸟,浙江,服饰,tpn,主板,20170109,,
4352,603878.SH,603878,武进不锈,江苏,钢加工,wjbx,主板,20161219,,
4353,603879.SH,603879,ST永悦,江苏,化工原料,styy,主板,20170614,陈翔,民营企业
4354,603880.SH,603880,南卫股份,江苏,医疗保健,nwgf,主板,20170807,,
4355,603881.SH,603881,数据港,上海,软件服务,sjg,主板,20170208,上海市静安区国有资产监督管理委员会(上海市静安区集体资产监督管理委员会),地方国企
4356,603882.SH,603882,金域医学,广东,医疗保健,jyyx,主板,20170908,,
4357,603883.SH,603883,老百姓,湖南,医药商业,lbx,主板,20150423,,
4358,603885.SH,603885,吉祥航空,上海,空运,jxhk,主板,20150527,,
4359,603886.SH,603886,元祖股份,上海,食品,yzgf,主板,20161228,张秀琬,外资企业
4360,603887.SH,603887,城地香江,上海,软件服务,cdxj,主板,20161010,,
4361,603888.SH,603888,新华网,北京,互联网,xhw,主板,20161028,,
4362,603889.SH,603889,新澳股份,浙江,纺织,xagf,主板,20141231,,
4363,603890.SH,603890,春秋电子,江苏,元器件,cqdz,主板,20171212,,
4364,603893.SH,603893,瑞芯微,福建,半导体,rxw,主板,20200207,励民,民营企业
4365,603895.SH,603895,天永智能,上海,专用机械,tyzn,主板,20180122,,
4366,603896.SH,603896,寿仙谷,浙江,中成药,sxg,主板,20170510,,
4367,603897.SH,603897,长城科技,浙江,电气设备,cckj,主板,20180410,,
4368,603898.SH,603898,好莱客,广东,家居用品,hlk,主板,20150217,,
4369,603899.SH,603899,晨光股份,上海,文教休闲,cggf,主板,20150127,,
4370,603900.SH,603900,莱绅通灵,江苏,服饰,lstl,主板,20161123,沈东军,民营企业
4371,603901.SH,603901,永创智能,浙江,专用机械,yczn,主板,20150529,,
4372,603903.SH,603903,中持股份,北京,环境保护,zcgf,主板,20170314,无实际控制人,无
4373,603906.SH,603906,龙蟠科技,江苏,电气设备,lpkj,主板,20170410,,
4374,603908.SH,603908,牧高笛,浙江,纺织,mgd,主板,20170307,,
4375,603909.SH,603909,建发合诚,福建,建筑工程,jfhc,主板,20160628,黄和宾,民营企业
4376,603912.SH,603912,佳力图,江苏,专用机械,jlt,主板,20171101,,
4377,603915.SH,603915,国茂股份,江苏,机械基件,gmgf,主板,20190614,,
4378,603916.SH,603916,苏博特,江苏,化工原料,sbt,主板,20171110,,
4379,603917.SH,603917,合力科技,浙江,汽车配件,hlkj,主板,20171204,,
4380,603918.SH,603918,金桥信息,上海,软件服务,jqxx,主板,20150528,,
4381,603919.SH,603919,金徽酒,甘肃,白酒,jhj,主板,20160310,郭广昌,民营企业
4382,603920.SH,603920,世运电路,广东,元器件,sydl,主板,20170426,,
4383,603922.SH,603922,金鸿顺,江苏,汽车配件,jhs,主板,20171023,洪建沧,外资企业
4384,603926.SH,603926,铁流股份,浙江,汽车配件,tlgf,主板,20170510,国宁,民营企业
4385,603927.SH,603927,中科软,北京,软件服务,zkr,主板,20190909,,
4386,603928.SH,603928,兴业股份,江苏,化工原料,xygf,主板,20161212,,
4387,603929.SH,603929,亚翔集成,江苏,装修装饰,yxjc,主板,20161230,姚祖骧,外资企业
4388,603931.SH,603931,格林达,浙江,化工原料,gld,主板,20200819,黄招有,民营企业
4389,603933.SH,603933,睿能科技,福建,元器件,rnkj,主板,20170706,杨维坚,外资企业
4390,603936.SH,603936,博敏电子,广东,元器件,bmdz,主板,20151209,,
4391,603937.SH,603937,丽岛新材,江苏,铝,ldxc,主板,20171102,,
4392,603938.SH,603938,三孚股份,河北,化工原料,sfgf,主板,20170628,,
4393,603939.SH,603939,益丰药房,湖南,医药商业,yfyf,主板,20150217,,
4394,603948.SH,603948,建业股份,浙江,化工原料,jygf,主板,20200302,冯烈,民营企业
4395,603949.SH,603949,雪龙集团,浙江,汽车配件,xljt,主板,20200310,,
4396,603950.SH,603950,长源东谷,湖北,汽车配件,cydg,主板,20200526,李佐元,外资企业
4397,603955.SH,603955,大千生态,江苏,建筑工程,dqst,主板,20170310,,
4398,603956.SH,603956,威派格,上海,专用机械,wpg,主板,20190222,,
4399,603958.SH,603958,哈森股份,江苏,服饰,hsgf,主板,20160629,陈玉珍,外资企业
4400,603959.SH,603959,ST百利,湖南,建筑工程,stbl,主板,20160517,,
4401,603960.SH,603960,克来机电,上海,汽车配件,kljd,主板,20170314,,
4402,603963.SH,603963,*ST大药,云南,中成药,stdy,主板,20170922,,
4403,603966.SH,603966,法兰泰克,江苏,专用机械,fltk,主板,20170125,,
4404,603967.SH,603967,中创物流,山东,仓储物流,zcwl,主板,20190429,,
4405,603968.SH,603968,醋化股份,江苏,化工原料,chgf,主板,20150518,,
4406,603969.SH,603969,银龙股份,天津,其他建材,ylgf,主板,20150227,谢志峰,民营企业
4407,603970.SH,603970,中农立华,北京,农药化肥,znlh,主板,20171116,,
4408,603976.SH,603976,正川股份,重庆,医疗保健,zcgf,主板,20170822,,
4409,603977.SH,603977,国泰集团,江西,化工原料,gtjt,主板,20161111,江西省国有资产监督管理委员会,地方国企
4410,603978.SH,603978,深圳新星,深圳,小金属,szxx,主板,20170807,,
4411,603979.SH,603979,金诚信,北京,铜,jcx,主板,20150630,,
4412,603980.SH,603980,吉华集团,浙江,染料涂料,jhjt,主板,20170615,邵伯金,民营企业
4413,603982.SH,603982,泉峰汽车,江苏,汽车配件,qfqc,主板,20190522,潘龙泉,外资企业
4414,603983.SH,603983,丸美股份,广东,日用化工,wmgf,主板,20190725,孙怀庆,民营企业
4415,603985.SH,603985,恒润股份,江苏,电气设备,hrgf,主板,20170505,山东省济宁市人民政府国有资产监督管理委员会,地方国企
4416,603986.SH,603986,兆易创新,北京,半导体,zycx,主板,20160818,,
4417,603987.SH,603987,康德莱,上海,医疗保健,kdl,主板,20161121,,
4418,603988.SH,603988,中电电机,江苏,电气设备,zddj,主板,20141104,,
4419,603989.SH,603989,艾华集团,湖南,元器件,ahjt,主板,20150515,,
4420,603990.SH,603990,麦迪科技,江苏,软件服务,mdkj,主板,20161208,绵阳市安州区国有资产监督管理办公室,地方国企
4421,603991.SH,603991,至正股份,深圳,塑料,zzgf,主板,20170308,王强,民营企业
4422,603992.SH,603992,松霖科技,福建,家居用品,slkj,主板,20190826,,
4423,603993.SH,603993,洛阳钼业,河南,小金属,lymy,主板,20121009,,
4424,603995.SH,603995,甬金股份,浙江,特种钢,yjgf,主板,20191224,虞纪群,外资企业
4425,603997.SH,603997,继峰股份,浙江,汽车配件,jfgf,主板,20150302,,
4426,603998.SH,603998,方盛制药,湖南,中成药,fszy,主板,20141205,,
4427,603999.SH,603999,读者传媒,甘肃,出版业,dzcm,主板,20151210,,
4428,605001.SH,605001,威奥股份,山东,运输设备,wagf,主板,20200522,孙汉本,民营企业
4429,605003.SH,605003,众望布艺,浙江,纺织,zwby,主板,20200908,杨林山,民营企业
4430,605005.SH,605005,合兴股份,浙江,汽车配件,hxgf,主板,20210119,陈文葆,民营企业
4431,605006.SH,605006,山东玻纤,山东,玻璃,sdbx,主板,20200903,山东省人民政府国有资产监督管理委员会,地方国企
4432,605007.SH,605007,五洲特纸,浙江,造纸,wztz,主板,20201110,赵磊,民营企业
4433,605008.SH,605008,长鸿高科,浙江,橡胶,chgk,主板,20200821,陶春风,民营企业
4434,605009.SH,605009,豪悦护理,浙江,造纸,hyhl,主板,20200911,李志彪,民营企业
4435,605011.SH,605011,杭州热电,浙江,供气供热,hzrd,主板,20210630,杭州市城市建设投资集团有限公司,地方国企
4436,605016.SH,605016,百龙创园,山东,食品,blcy,主板,20210421,窦宝德,民营企业
4437,605018.SH,605018,长华集团,浙江,汽车配件,chjt,主板,20200929,王长土,民营企业
4438,605020.SH,605020,永和股份,浙江,化工原料,yhgf,主板,20210709,童建国,民营企业
4439,605028.SH,605028,世茂能源,浙江,供气供热,smny,主板,20210712,李立峰,民营企业
4440,605033.SH,605033,美邦股份,陕西,农药化肥,mbgf,主板,20210916,张少武,民营企业
4441,605050.SH,605050,福然德,上海,仓储物流,frd,主板,20200924,崔建华,民营企业
4442,605055.SH,605055,迎丰股份,浙江,纺织,yfgf,主板,20210129,傅双利,民营企业
4443,605056.SH,605056,咸亨国际,浙江,电器仪表,xhgj,主板,20210720,王来兴,民营企业
4444,605058.SH,605058,澳弘电子,江苏,元器件,ahdz,主板,20201021,陈定红,民营企业
4445,605060.SH,605060,联德股份,浙江,机械基件,ldgf,主板,20210301,孙袁,民营企业
4446,605066.SH,605066,天正电气,浙江,电气设备,tzdq,主板,20200807,高天乐,民营企业
4447,605068.SH,605068,明新旭腾,浙江,汽车配件,mxxt,主板,20201123,庄君新,民营企业
4448,605069.SH,605069,正和生态,北京,环境保护,zhst,主板,20210816,张熠君,民营企业
4449,605077.SH,605077,华康股份,浙江,食品,hkgf,主板,20210209,陈德水,民营企业
4450,605080.SH,605080,浙江自然,浙江,文教休闲,zjzr,主板,20210506,夏永辉,民营企业
4451,605081.SH,605081,太和水,上海,环境保护,ths,主板,20210209,何文辉,民营企业
4452,605086.SH,605086,龙高股份,福建,矿物制品,lggf,主板,20210416,福建省龙岩市人民政府国有资产监督管理委员会,地方国企
4453,605088.SH,605088,冠盛股份,浙江,汽车配件,gsgf,主板,20200817,周家儒,民营企业
4454,605089.SH,605089,味知香,江苏,食品,wzx,主板,20210427,夏靖,民营企业
4455,605090.SH,605090,九丰能源,江西,供气供热,jfny,主板,20210525,张建国,民营企业
4456,605098.SH,605098,行动教育,上海,文教休闲,xdjy,主板,20210421,李践,外资企业
4457,605099.SH,605099,共创草坪,江苏,文教休闲,gccp,主板,20200930,王强翔,民营企业
4458,605100.SH,605100,华丰股份,山东,机械基件,hfgf,主板,20200811,徐华东,民营企业
4459,605108.SH,605108,同庆楼,安徽,酒店餐饮,tql,主板,20200716,,
4460,605111.SH,605111,新洁能,江苏,半导体,xjn,主板,20200928,朱袁正,民营企业
4461,605116.SH,605116,奥锐特,浙江,化学制药,art,主板,20200921,彭志恩,民营企业
4462,605117.SH,605117,德业股份,浙江,电气设备,dygf,主板,20210420,张和君,民营企业
4463,605118.SH,605118,力鼎光电,福建,元器件,ldgd,主板,20200730,吴富宝,民营企业
4464,605122.SH,605122,四方新材,重庆,水泥,sfxc,主板,20210310,李德志,民营企业
4465,605123.SH,605123,派克新材,江苏,航空,pkxc,主板,20200825,是玉丰,民营企业
4466,605128.SH,605128,上海沿浦,上海,汽车配件,shyp,主板,20200915,周建清,民营企业
4467,605133.SH,605133,嵘泰股份,江苏,汽车配件,rtgf,主板,20210224,夏诚亮,民营企业
4468,605136.SH,605136,丽人丽妆,上海,其他商业,lrlz,主板,20200929,黄韬,民营企业
4469,605138.SH,605138,盛泰集团,浙江,服饰,stjt,主板,20211027,徐磊,外资企业
4470,605151.SH,605151,西上海,上海,汽车配件,xsh,主板,20201215,,
4471,605155.SH,605155,西大门,浙江,家居用品,xdm,主板,20201231,柳庆华,民营企业
4472,605158.SH,605158,华达新材,浙江,钢加工,hdxc,主板,20200805,邵明祥,民营企业
4473,605162.SH,605162,新中港,浙江,供气供热,xzg,主板,20210707,谢百军,民营企业
4474,605166.SH,605166,聚合顺,浙江,化纤,jhs,主板,20200618,傅昌宝,民营企业
4475,605167.SH,605167,利柏特,江苏,建筑工程,lbt,主板,20210726,沈斌强,民营企业
4476,605168.SH,605168,三人行,陕西,互联网,srx,主板,20200528,钱俊冬,民营企业
4477,605169.SH,605169,洪通燃气,新疆,供气供热,htrq,主板,20201030,刘洪兵,民营企业
4478,605177.SH,605177,东亚药业,浙江,化学制药,dyyy,主板,20201125,池正明,民营企业
4479,605178.SH,605178,时空科技,北京,装修装饰,skkj,主板,20200821,宫殿海,民营企业
4480,605179.SH,605179,一鸣食品,浙江,乳制品,ymsp,主板,20201228,朱立科,民营企业
4481,605180.SH,605180,华生科技,浙江,纺织,hskj,主板,20210430,,
4482,605183.SH,605183,确成股份,江苏,化工原料,qcgf,主板,20201207,阙伟东,外资企业
4483,605186.SH,605186,健麾信息,上海,专用机械,jhxx,主板,20201222,戴建伟,民营企业
4484,605188.SH,605188,国光连锁,江西,超市连锁,ggls,主板,20200728,胡金根,民营企业
4485,605189.SH,605189,富春染织,安徽,纺织,fcrz,主板,20210528,何培富,民营企业
4486,605196.SH,605196,华通线缆,河北,电气设备,htxl,主板,20210511,张文东,民营企业
4487,605198.SH,605198,安德利,山东,软饮料,adl,主板,20200918,王安,民营企业
4488,605199.SH,605199,葫芦娃,海南,中成药,hlw,主板,20200710,刘景萍,民营企业
4489,605208.SH,605208,永茂泰,上海,铝,ymt,主板,20210308,徐宏,民营企业
4490,605218.SH,605218,伟时电子,江苏,元器件,wsdz,主板,20200928,渡边庸一,外资企业
4491,605222.SH,605222,起帆电缆,上海,电气设备,qfdl,主板,20200731,周供华,民营企业
4492,605228.SH,605228,神通科技,浙江,汽车配件,stkj,主板,20210120,,
4493,605255.SH,605255,天普股份,浙江,汽车配件,tpgf,主板,20200825,尤建义,民营企业
4494,605258.SH,605258,协和电子,江苏,元器件,xhdz,主板,20201203,张南国,民营企业
4495,605259.SH,605259,绿田机械,浙江,农用机械,ltjx,主板,20210615,罗昌国,民营企业
4496,605266.SH,605266,健之佳,云南,医药商业,jzj,主板,20201201,蓝波,民营企业
4497,605268.SH,605268,王力安防,浙江,家居用品,wlaf,主板,20210224,王跃斌,民营企业
4498,605277.SH,605277,新亚电子,浙江,元器件,xydz,主板,20210106,赵战兵,民营企业
4499,605286.SH,605286,同力日升,江苏,运输设备,tlrs,主板,20210322,李国平,民营企业
4500,605287.SH,605287,德才股份,山东,装修装饰,dcgf,主板,20210706,叶德才,民营企业
4501,605288.SH,605288,凯迪股份,江苏,电气设备,kdgf,主板,20200601,周荣清,民营企业
4502,605289.SH,605289,罗曼股份,上海,建筑工程,lmgf,主板,20210426,孙建鸣,民营企业
4503,605296.SH,605296,神农集团,云南,农业综合,snjt,主板,20210528,何祖训,民营企业
4504,605298.SH,605298,必得科技,江苏,运输设备,bdkj,主板,20210301,王坚群,民营企业
4505,605299.SH,605299,舒华体育,福建,文教休闲,shty,主板,20201215,张维建,民营企业
4506,605300.SH,605300,佳禾食品,江苏,乳制品,jhsp,主板,20210430,柳新荣,民营企业
4507,605303.SH,605303,园林股份,浙江,建筑工程,ylgf,主板,20210301,吴光洪,民营企业
4508,605305.SH,605305,中际联合,北京,工程机械,zjlh,主板,20210506,刘志欣,民营企业
4509,605318.SH,605318,法狮龙,浙江,其他建材,fsl,主板,20200803,沈正华,民营企业
4510,605319.SH,605319,无锡振华,江苏,汽车配件,wxzh,主板,20210607,钱犇,民营企业
4511,605333.SH,605333,沪光股份,江苏,汽车配件,hggf,主板,20200818,成三荣,民营企业
4512,605336.SH,605336,帅丰电器,浙江,家用电器,sfdq,主板,20201019,商若云,民营企业
4513,605337.SH,605337,李子园,浙江,乳制品,lzy,主板,20210208,李国平,民营企业
4514,605338.SH,605338,巴比食品,上海,食品,bbsp,主板,20201012,刘会平,民营企业
4515,605339.SH,605339,南侨食品,上海,食品,nqsp,主板,20210518,陈正文,外资企业
4516,605358.SH,605358,立昂微,浙江,半导体,law,主板,20200911,王敏文,民营企业
4517,605365.SH,605365,立达信,福建,家用电器,ldx,主板,20210720,李江淮,民营企业
4518,605366.SH,605366,宏柏新材,江西,化工原料,hbxc,主板,20200812,纪金树,外资企业
4519,605368.SH,605368,蓝天燃气,河南,供气供热,ltrq,主板,20210129,,
4520,605369.SH,605369,拱东医疗,浙江,医疗保健,gdyl,主板,20200916,施慧勇,民营企业
4521,605376.SH,605376,博迁新材,江苏,小金属,bqxc,主板,20201208,王利平,民营企业
4522,605377.SH,605377,华旺科技,浙江,造纸,hwkj,主板,20201228,钭江浩,民营企业
4523,605378.SH,605378,野马电池,浙江,电气设备,ymdc,主板,20210412,陈一军,民营企业
4524,605388.SH,605388,均瑶健康,湖北,乳制品,jyjk,主板,20200818,,
4525,605389.SH,605389,长龄液压,江苏,机械基件,clyy,主板,20210322,,
4526,605398.SH,605398,新炬网络,上海,软件服务,xjwl,主板,20210121,孙星炎,民营企业
4527,605399.SH,605399,晨光新材,江西,化工原料,cgxc,主板,20200804,丁建峰,民营企业
4528,605488.SH,605488,福莱新材,浙江,塑料,flxc,主板,20210513,夏厚君,民营企业
4529,605499.SH,605499,东鹏饮料,深圳,软饮料,dpyl,主板,20210527,林木勤,民营企业
4530,605500.SH,605500,森林包装,浙江,造纸,slbz,主板,20201222,林启军,民营企业
4531,605507.SH,605507,国邦医药,浙江,化学制药,gbyy,主板,20210802,邱家军,民营企业
4532,605555.SH,605555,德昌股份,浙江,家用电器,dcgf,主板,20211021,黄裕昌,民营企业
4533,605566.SH,605566,福莱蒽特,浙江,染料涂料,flet,主板,20211025,李百春,民营企业
4534,605567.SH,605567,春雪食品,山东,食品,cxsp,主板,20211013,郑维新,民营企业
4535,605577.SH,605577,龙版传媒,黑龙江,出版业,lbcm,主板,20210824,黑龙江出版集团有限公司,地方国企
4536,605580.SH,605580,恒盛能源,浙江,供气供热,hsny,主板,20210819,余国旭,民营企业
4537,605588.SH,605588,冠石科技,江苏,元器件,gskj,主板,20210812,张建巍,民营企业
4538,605589.SH,605589,圣泉集团,山东,化工原料,sqjt,主板,20210810,唐一林,民营企业
4539,605598.SH,605598,上海港湾,上海,建筑工程,shgw,主板,20210917,徐士龙,民营企业
4540,605599.SH,605599,菜百股份,北京,服饰,cbgf,主板,20210909,北京市西城区人民政府国有资产监督管理委员会,地方国企
4541,688001.SH,688001,华兴源创,江苏,专用机械,hxyc,科创板,20190722,,
4542,688002.SH,688002,睿创微纳,山东,通信设备,rcwn,科创板,20190722,,
4543,688003.SH,688003,天准科技,江苏,专用机械,tzkj,科创板,20190722,,
4544,688004.SH,688004,博汇科技,北京,软件服务,bhkj,科创板,20200612,,
4545,688005.SH,688005,容百科技,浙江,电气设备,rbkj,科创板,20190722,,
4546,688006.SH,688006,杭可科技,浙江,电气设备,hkkj,科创板,20190722,,
4547,688007.SH,688007,光峰科技,深圳,元器件,gfkj,科创板,20190722,,
4548,688008.SH,688008,澜起科技,上海,半导体,lqkj,科创板,20190722,,
4549,688009.SH,688009,中国通号,北京,运输设备,zgth,科创板,20190722,,
4550,688010.SH,688010,福光股份,福建,元器件,fggf,科创板,20190722,,
4551,688011.SH,688011,新光光电,黑龙江,元器件,xggd,科创板,20190722,,
4552,688012.SH,688012,中微公司,上海,半导体,zwgs,科创板,20190722,,
4553,688013.SH,688013,天臣医疗,江苏,医疗保健,tcyl,科创板,20200928,,
4554,688015.SH,688015,交控科技,北京,运输设备,jkkj,科创板,20190722,,
4555,688016.SH,688016,心脉医疗,上海,医疗保健,xmyl,科创板,20190722,,
4556,688017.SH,688017,绿的谐波,江苏,机械基件,ldxb,科创板,20200828,,
4557,688018.SH,688018,乐鑫科技,上海,半导体,lxkj,科创板,20190722,,
4558,688019.SH,688019,安集科技,上海,半导体,ajkj,科创板,20190722,,
4559,688020.SH,688020,方邦股份,广东,元器件,fbgf,科创板,20190722,,
4560,688021.SH,688021,奥福环保,山东,汽车配件,afhb,科创板,20191106,,
4561,688022.SH,688022,瀚川智能,江苏,专用机械,hczn,科创板,20190722,,
4562,688023.SH,688023,安恒信息,浙江,软件服务,ahxx,科创板,20191105,,
4563,688025.SH,688025,杰普特,深圳,专用机械,jpt,科创板,20191031,,
4564,688026.SH,688026,洁特生物,广东,医疗保健,jtsw,科创板,20200122,,
4565,688027.SH,688027,国盾量子,安徽,通信设备,gdlz,科创板,20200709,,
4566,688028.SH,688028,沃尔德,北京,机械基件,wed,科创板,20190722,,
4567,688029.SH,688029,南微医学,江苏,医疗保健,nwyx,科创板,20190722,,
4568,688030.SH,688030,山石网科,江苏,软件服务,sswk,科创板,20190930,,
4569,688031.SH,688031,星环科技-U,上海,软件服务,xhkj,科创板,20221018,,
4570,688032.SH,688032,禾迈股份,浙江,电气设备,hmgf,科创板,20211220,,
4571,688033.SH,688033,天宜上佳,北京,电气设备,tysj,科创板,20190722,,
4572,688035.SH,688035,德邦科技,山东,半导体,dbkj,科创板,20220919,,
4573,688036.SH,688036,传音控股,深圳,通信设备,cykg,科创板,20190930,,
4574,688037.SH,688037,芯源微,辽宁,半导体,xyw,科创板,20191216,,
4575,688038.SH,688038,中科通达,湖北,软件服务,zktd,科创板,20210713,,
4576,688039.SH,688039,当虹科技,浙江,软件服务,dhkj,科创板,20191211,,
4577,688041.SH,688041,海光信息,天津,半导体,hgxx,科创板,20220812,,
4578,688045.SH,688045,必易微,深圳,半导体,byw,科创板,20220526,,
4579,688046.SH,688046,药康生物,江苏,生物制药,yksw,科创板,20220425,,
4580,688047.SH,688047,龙芯中科,北京,半导体,lxzk,科创板,20220624,,
4581,688048.SH,688048,长光华芯,江苏,半导体,cghx,科创板,20220401,,
4582,688049.SH,688049,炬芯科技,广东,半导体,jxkj,科创板,20211129,,
4583,688050.SH,688050,爱博医疗,北京,医疗保健,abyl,科创板,20200729,,
4584,688051.SH,688051,佳华科技,北京,软件服务,jhkj,科创板,20200320,,
4585,688052.SH,688052,纳芯微,江苏,半导体,nxw,科创板,20220422,,
4586,688053.SH,688053,思科瑞,四川,元器件,skr,科创板,20220708,,
4587,688055.SH,688055,龙腾光电,江苏,元器件,ltgd,科创板,20200817,,
4588,688056.SH,688056,莱伯泰科,北京,电器仪表,lbtk,科创板,20200902,,
4589,688057.SH,688057,金达莱,江西,环境保护,jdl,科创板,20201111,,
4590,688058.SH,688058,宝兰德,北京,软件服务,bld,科创板,20191101,,
4591,688059.SH,688059,华锐精密,湖南,机械基件,hrjm,科创板,20210208,,
4592,688060.SH,688060,云涌科技,江苏,IT设备,yykj,科创板,20200710,,
4593,688061.SH,688061,灿瑞科技,上海,半导体,crkj,科创板,20221018,,
4594,688062.SH,688062,迈威生物-U,上海,生物制药,mwsw,科创板,20220118,,
4595,688063.SH,688063,派能科技,上海,电气设备,pnkj,科创板,20201230,,
4596,688065.SH,688065,凯赛生物,上海,化工原料,kssw,科创板,20200812,,
4597,688066.SH,688066,航天宏图,北京,软件服务,htht,科创板,20190722,,
4598,688067.SH,688067,爱威科技,湖南,医疗保健,awkj,科创板,20210616,,
4599,688068.SH,688068,热景生物,北京,医疗保健,rjsw,科创板,20190930,,
4600,688069.SH,688069,德林海,江苏,环境保护,dlh,科创板,20200722,,
4601,688070.SH,688070,纵横股份,四川,航空,zhgf,科创板,20210210,,
4602,688071.SH,688071,华依科技,上海,专用机械,hykj,科创板,20210729,,
4603,688072.SH,688072,拓荆科技,辽宁,半导体,tjkj,科创板,20220420,,
4604,688073.SH,688073,毕得医药,上海,化学制药,bdyy,科创板,20221011,,
4605,688075.SH,688075,安旭生物,浙江,医疗保健,axsw,科创板,20211118,,
4606,688076.SH,688076,诺泰生物,江苏,生物制药,ntsw,科创板,20210520,,
4607,688077.SH,688077,大地熊,安徽,矿物制品,ddx,科创板,20200722,,
4608,688078.SH,688078,龙软科技,北京,软件服务,lrkj,科创板,20191230,,
4609,688079.SH,688079,美迪凯,浙江,元器件,mdk,科创板,20210302,,
4610,688080.SH,688080,映翰通,北京,通信设备,yht,科创板,20200212,,
4611,688081.SH,688081,兴图新科,湖北,软件服务,xtxk,科创板,20200106,,
4612,688082.SH,688082,盛美上海,上海,半导体,smsh,科创板,20211118,,
4613,688083.SH,688083,中望软件,广东,软件服务,zwrj,科创板,20210311,,
4614,688084.SH,688084,晶品特装,北京,专用机械,jptz,科创板,20221208,,
4615,688085.SH,688085,三友医疗,上海,医疗保健,syyl,科创板,20200409,,
4616,688087.SH,688087,英科再生,山东,环境保护,ykzs,科创板,20210709,,
4617,688088.SH,688088,虹软科技,浙江,软件服务,hrkj,科创板,20190722,,
4618,688089.SH,688089,嘉必优,湖北,食品,jby,科创板,20191219,,
4619,688090.SH,688090,瑞松科技,广东,专用机械,rskj,科创板,20200217,,
4620,688091.SH,688091,上海谊众,上海,化学制药,shyz,科创板,20210909,,
4621,688092.SH,688092,爱科科技,浙江,专用机械,akkj,科创板,20210319,,
4622,688093.SH,688093,世华科技,江苏,化工原料,shkj,科创板,20200930,,
4623,688095.SH,688095,福昕软件,福建,软件服务,fxrj,科创板,20200908,,
4624,688096.SH,688096,京源环保,江苏,环境保护,jyhb,科创板,20200409,,
4625,688097.SH,688097,博众精工,江苏,专用机械,bzjg,科创板,20210512,,
4626,688098.SH,688098,申联生物,上海,农业综合,slsw,科创板,20191028,,
4627,688099.SH,688099,晶晨股份,上海,半导体,jcgf,科创板,20190808,,
4628,688100.SH,688100,威胜信息,湖南,通信设备,wsxx,科创板,20200121,,
4629,688101.SH,688101,三达膜,陕西,环境保护,sdm,科创板,20191115,,
4630,688102.SH,688102,斯瑞新材,陕西,铜,srxc,科创板,20220316,,
4631,688103.SH,688103,国力股份,江苏,元器件,glgf,科创板,20210910,,
4632,688105.SH,688105,诺唯赞,江苏,生物制药,nwz,科创板,20211115,,
4633,688106.SH,688106,金宏气体,江苏,化工原料,jhqt,科创板,20200616,,
4634,688107.SH,688107,安路科技,上海,半导体,alkj,科创板,20211112,,
4635,688108.SH,688108,赛诺医疗,天津,医疗保健,snyl,科创板,20191030,,
4636,688109.SH,688109,品茗科技,浙江,软件服务,pmkj,科创板,20210330,,
4637,688110.SH,688110,东芯股份,上海,半导体,dxgf,科创板,20211210,,
4638,688111.SH,688111,金山办公,北京,软件服务,jsbg,科创板,20191118,,
4639,688112.SH,688112,鼎阳科技,深圳,电器仪表,dykj,科创板,20211201,,
4640,688113.SH,688113,联测科技,江苏,专用机械,lckj,科创板,20210506,,
4641,688114.SH,688114,华大智造,深圳,医疗保健,hdzz,科创板,20220909,,
4642,688115.SH,688115,思林杰,广东,电器仪表,slj,科创板,20220314,,
4643,688116.SH,688116,天奈科技,江苏,化工原料,tnkj,科创板,20190925,,
4644,688117.SH,688117,圣诺生物,四川,生物制药,snsw,科创板,20210603,,
4645,688118.SH,688118,普元信息,上海,软件服务,pyxx,科创板,20191204,,
4646,688119.SH,688119,中钢洛耐,河南,其他建材,zgln,科创板,20220606,,
4647,688120.SH,688120,华海清科,天津,半导体,hhqk,科创板,20220608,,
4648,688121.SH,688121,卓然股份,上海,专用机械,zrgf,科创板,20210906,,
4649,688122.SH,688122,西部超导,陕西,小金属,xbcd,科创板,20190722,,
4650,688123.SH,688123,聚辰股份,上海,半导体,jcgf,科创板,20191223,,
4651,688125.SH,688125,安达智能,广东,专用机械,adzn,科创板,20220415,,
4652,688126.SH,688126,沪硅产业,上海,半导体,hgcy,科创板,20200420,,
4653,688127.SH,688127,蓝特光学,浙江,元器件,ltgx,科创板,20200921,,
4654,688128.SH,688128,中国电研,广东,专用机械,zgdy,科创板,20191105,,
4655,688129.SH,688129,东来技术,上海,染料涂料,dljs,科创板,20201023,,
4656,688130.SH,688130,晶华微,浙江,半导体,jhw,科创板,20220729,,
4657,688131.SH,688131,皓元医药,上海,化学制药,hyyy,科创板,20210608,,
4658,688132.SH,688132,邦彦技术,深圳,通信设备,byjs,科创板,20220923,,
4659,688133.SH,688133,泰坦科技,上海,化工原料,ttkj,科创板,20201030,,
4660,688135.SH,688135,利扬芯片,广东,半导体,lyxp,科创板,20201111,,
4661,688136.SH,688136,科兴制药,山东,生物制药,kxzy,科创板,20201214,,
4662,688137.SH,688137,近岸蛋白,江苏,生物制药,jadb,科创板,20220929,,
4663,688138.SH,688138,清溢光电,深圳,半导体,qygd,科创板,20191120,,
4664,688139.SH,688139,海尔生物,山东,医疗保健,hesw,科创板,20191025,,
4665,688141.SH,688141,杰华特,浙江,半导体,jht,科创板,20221223,,
4666,688143.SH,688143,长盈通,湖北,通信设备,cyt,科创板,20221212,,
4667,688146.SH,688146,中船特气,河北,半导体,zctq,科创板,20230421,,
4668,688147.SH,688147,微导纳米,江苏,专用机械,wdnm,科创板,20221223,,
4669,688148.SH,688148,芳源股份,广东,电气设备,fygf,科创板,20210806,,
4670,688150.SH,688150,莱特光电,陕西,元器件,ltgd,科创板,20220318,,
4671,688151.SH,688151,华强科技,湖北,医疗保健,hqkj,科创板,20211206,,
4672,688152.SH,688152,麒麟信安,湖南,软件服务,qlxa,科创板,20221028,,
4673,688153.SH,688153,唯捷创芯,天津,半导体,wjcx,科创板,20220412,,
4674,688155.SH,688155,先惠技术,上海,电气设备,xhjs,科创板,20200811,,
4675,688156.SH,688156,路德环境,湖北,饲料,ldhj,科创板,20200922,,
4676,688157.SH,688157,松井股份,湖南,染料涂料,sjgf,科创板,20200609,,
4677,688158.SH,688158,优刻得-W,上海,软件服务,ykd,科创板,20200120,,
4678,688159.SH,688159,有方科技,深圳,通信设备,yfkj,科创板,20200123,,
4679,688160.SH,688160,步科股份,上海,电器仪表,bkgf,科创板,20201112,,
4680,688161.SH,688161,威高骨科,山东,医疗保健,wggk,科创板,20210630,,
4681,688162.SH,688162,巨一科技,安徽,专用机械,jykj,科创板,20211110,,
4682,688163.SH,688163,赛伦生物,上海,生物制药,slsw,科创板,20220311,,
4683,688165.SH,688165,埃夫特-U,安徽,专用机械,aft,科创板,20200715,,
4684,688166.SH,688166,博瑞医药,江苏,化学制药,bryy,科创板,20191108,,
4685,688167.SH,688167,炬光科技,陕西,元器件,jgkj,科创板,20211224,,
4686,688168.SH,688168,安博通,北京,软件服务,abt,科创板,20190906,,
4687,688169.SH,688169,石头科技,北京,家用电器,stkj,科创板,20200221,,
4688,688170.SH,688170,德龙激光,江苏,专用机械,dljg,科创板,20220429,,
4689,688171.SH,688171,纬德信息,广东,软件服务,wdxx,科创板,20220127,,
4690,688172.SH,688172,燕东微,北京,半导体,ydw,科创板,20221216,,
4691,688173.SH,688173,希荻微,广东,半导体,xdw,科创板,20220121,,
4692,688175.SH,688175,高凌信息,广东,通信设备,glxx,科创板,20220315,,
4693,688176.SH,688176,亚虹医药-U,江苏,化学制药,yhyy,科创板,20220107,,
4694,688177.SH,688177,百奥泰,广东,生物制药,bat,科创板,20200221,,
4695,688178.SH,688178,万德斯,江苏,环境保护,wds,科创板,20200114,,
4696,688179.SH,688179,阿拉丁,上海,化学制药,ald,科创板,20201026,,
4697,688180.SH,688180,君实生物-U,上海,生物制药,jssw,科创板,20200715,,
4698,688181.SH,688181,八亿时空,北京,元器件,bysk,科创板,20200106,,
4699,688182.SH,688182,灿勤科技,江苏,通信设备,cqkj,科创板,20211116,,
4700,688183.SH,688183,生益电子,广东,元器件,sydz,科创板,20210225,,
4701,688184.SH,688184,帕瓦股份,浙江,电气设备,pwgf,科创板,20220919,,
4702,688185.SH,688185,康希诺,天津,生物制药,kxn,科创板,20200813,,
4703,688186.SH,688186,广大特材,江苏,特种钢,gdtc,科创板,20200211,,
4704,688187.SH,688187,时代电气,湖南,运输设备,sddq,科创板,20210907,,
4705,688188.SH,688188,柏楚电子,上海,专用机械,bcdz,科创板,20190808,,
4706,688189.SH,688189,南新制药,湖南,化学制药,nxzy,科创板,20200326,,
4707,688190.SH,688190,云路股份,山东,矿物制品,ylgf,科创板,20211126,,
4708,688191.SH,688191,智洋创新,山东,软件服务,zycx,科创板,20210408,,
4709,688192.SH,688192,迪哲医药-U,江苏,生物制药,dzyy,科创板,20211210,,
4710,688193.SH,688193,仁度生物,上海,医疗保健,rdsw,科创板,20220330,,
4711,688195.SH,688195,腾景科技,福建,元器件,tjkj,科创板,20210326,,
4712,688196.SH,688196,卓越新能,福建,环境保护,zyxn,科创板,20191121,,
4713,688197.SH,688197,首药控股-U,北京,化学制药,sykg,科创板,20220323,,
4714,688198.SH,688198,佰仁医疗,北京,医疗保健,bryl,科创板,20191209,,
4715,688199.SH,688199,久日新材,天津,化工原料,jrxc,科创板,20191105,,
4716,688200.SH,688200,华峰测控,北京,半导体,hfck,科创板,20200218,,
4717,688201.SH,688201,信安世纪,北京,软件服务,xasj,科创板,20210421,,
4718,688202.SH,688202,美迪西,上海,医疗保健,mdx,科创板,20191105,,
4719,688203.SH,688203,海正生材,浙江,塑料,hzsc,科创板,20220816,,
4720,688205.SH,688205,德科立,江苏,通信设备,dkl,科创板,20220809,,
4721,688206.SH,688206,概伦电子,上海,半导体,gldz,科创板,20211228,,
4722,688207.SH,688207,格灵深瞳,北京,软件服务,glst,科创板,20220317,,
4723,688208.SH,688208,道通科技,深圳,IT设备,dtkj,科创板,20200213,,
4724,688209.SH,688209,英集芯,深圳,半导体,yjx,科创板,20220419,,
4725,688210.SH,688210,统联精密,深圳,元器件,tljm,科创板,20211227,,
4726,688211.SH,688211,中科微至,江苏,专用机械,zkwz,科创板,20211026,,
4727,688212.SH,688212,澳华内镜,上海,医疗保健,ahnj,科创板,20211115,,
4728,688213.SH,688213,思特威-W,上海,半导体,stw,科创板,20220520,,
4729,688215.SH,688215,瑞晟智能,浙江,专用机械,rszn,科创板,20200828,,
4730,688216.SH,688216,气派科技,深圳,半导体,qpkj,科创板,20210623,,
4731,688217.SH,688217,睿昂基因,上海,医疗保健,rajy,科创板,20210517,,
4732,688218.SH,688218,江苏北人,江苏,专用机械,jsbr,科创板,20191211,,
4733,688219.SH,688219,会通股份,安徽,塑料,htgf,科创板,20201118,,
4734,688220.SH,688220,翱捷科技-U,上海,半导体,ajkj,科创板,20220114,,
4735,688221.SH,688221,前沿生物-U,江苏,生物制药,qysw,科创板,20201028,,
4736,688222.SH,688222,成都先导,四川,化学制药,cdxd,科创板,20200416,,
4737,688223.SH,688223,晶科能源,江西,电气设备,jkny,科创板,20220126,,
4738,688225.SH,688225,亚信安全,江苏,软件服务,yxaq,科创板,20220209,,
4739,688226.SH,688226,威腾电气,江苏,电气设备,wtdq,科创板,20210707,,
4740,688227.SH,688227,品高股份,广东,软件服务,pggf,科创板,20211230,,
4741,688228.SH,688228,开普云,广东,软件服务,kpy,科创板,20200327,,
4742,688229.SH,688229,博睿数据,北京,软件服务,brsj,科创板,20200817,,
4743,688230.SH,688230,芯导科技,上海,半导体,xdkj,科创板,20211201,,
4744,688231.SH,688231,隆达股份,江苏,航空,ldgf,科创板,20220722,,
4745,688232.SH,688232,新点软件,江苏,软件服务,xdrj,科创板,20211117,,
4746,688233.SH,688233,神工股份,辽宁,半导体,sggf,科创板,20200221,,
4747,688234.SH,688234,天岳先进,山东,半导体,tyxj,科创板,20220112,,
4748,688235.SH,688235,百济神州-U,北京,生物制药,bjsz,科创板,20211215,,
4749,688236.SH,688236,春立医疗,北京,医疗保健,clyl,科创板,20211230,,
4750,688237.SH,688237,超卓航科,湖北,航空,czhk,科创板,20220701,,
4751,688238.SH,688238,和元生物,上海,医疗保健,hysw,科创板,20220322,,
4752,688239.SH,688239,航宇科技,贵州,航空,hykj,科创板,20210705,,
4753,688244.SH,688244,永信至诚,北京,软件服务,yxzc,科创板,20221019,,
4754,688246.SH,688246,嘉和美康,北京,软件服务,jhmk,科创板,20211214,,
4755,688247.SH,688247,宣泰医药,上海,化学制药,xtyy,科创板,20220825,,
4756,688248.SH,688248,南网科技,广东,电气设备,nwkj,科创板,20211222,,
4757,688249.SH,688249,晶合集成,安徽,半导体,jhjc,科创板,20230505,,
4758,688251.SH,688251,井松智能,安徽,专用机械,jszn,科创板,20220606,,
4759,688252.SH,688252,天德钰,深圳,半导体,tdy,科创板,20220927,,
4760,688253.SH,688253,英诺特,北京,医疗保健,ynt,科创板,20220728,,
4761,688255.SH,688255,凯尔达,浙江,机械基件,ked,科创板,20211025,,
4762,688256.SH,688256,寒武纪-U,北京,半导体,hwj,科创板,20200720,,
4763,688257.SH,688257,新锐股份,江苏,机械基件,xrgf,科创板,20211027,,
4764,688258.SH,688258,卓易信息,江苏,软件服务,zyxx,科创板,20191209,,
4765,688259.SH,688259,创耀科技,江苏,半导体,cykj,科创板,20220112,,
4766,688260.SH,688260,昀冢科技,江苏,元器件,yzkj,科创板,20210406,,
4767,688261.SH,688261,东微半导,江苏,半导体,dwbd,科创板,20220210,,
4768,688262.SH,688262,国芯科技,江苏,半导体,gxkj,科创板,20220106,,
4769,688265.SH,688265,南模生物,上海,医疗保健,nmsw,科创板,20211228,,
4770,688266.SH,688266,泽璟制药-U,江苏,生物制药,zjzy,科创板,20200123,,
4771,688267.SH,688267,中触媒,辽宁,化工原料,zcm,科创板,20220216,,
4772,688268.SH,688268,华特气体,广东,化工原料,htqt,科创板,20191226,,
4773,688269.SH,688269,凯立新材,陕西,化工原料,klxc,科创板,20210609,,
4774,688270.SH,688270,臻镭科技,浙江,半导体,zlkj,科创板,20220127,,
4775,688271.SH,688271,联影医疗,上海,医疗保健,lyyl,科创板,20220822,,
4776,688272.SH,688272,富吉瑞,北京,元器件,fjr,科创板,20211018,,
4777,688273.SH,688273,麦澜德,江苏,医疗保健,mld,科创板,20220811,,
4778,688275.SH,688275,万润新能,湖北,电气设备,wrxn,科创板,20220929,,
4779,688276.SH,688276,百克生物,吉林,生物制药,bksw,科创板,20210625,,
4780,688277.SH,688277,天智航-U,北京,医疗保健,tzh,科创板,20200707,,
4781,688278.SH,688278,特宝生物,福建,生物制药,tbsw,科创板,20200117,,
4782,688279.SH,688279,峰岹科技,深圳,半导体,ftkj,科创板,20220420,,
4783,688280.SH,688280,精进电动-UW,北京,汽车配件,jjdd,科创板,20211027,,
4784,688281.SH,688281,华秦科技,陕西,航空,hqkj,科创板,20220307,,
4785,688282.SH,688282,*ST导航,北京,通信设备,stdh,科创板,20220318,,
4786,688283.SH,688283,坤恒顺维,四川,电器仪表,khsw,科创板,20220215,,
4787,688285.SH,688285,高铁电气,陕西,运输设备,gtdq,科创板,20211020,,
4788,688286.SH,688286,敏芯股份,江苏,半导体,mxgf,科创板,20200810,,
4789,688287.SH,688287,观典防务,北京,航空,gdfw,科创板,20220525,,
4790,688288.SH,688288,鸿泉物联,浙江,IT设备,hqwl,科创板,20191106,,
4791,688289.SH,688289,圣湘生物,湖南,医疗保健,sxsw,科创板,20200828,,
4792,688290.SH,688290,景业智能,浙江,专用机械,jyzn,科创板,20220429,,
4793,688291.SH,688291,金橙子,北京,软件服务,jcz,科创板,20221026,,
4794,688292.SH,688292,浩瀚深度,北京,通信设备,hhsd,科创板,20220818,,
4795,688293.SH,688293,奥浦迈,上海,生物制药,apm,科创板,20220902,,
4796,688295.SH,688295,中复神鹰,江苏,化纤,zfsy,科创板,20220406,,
4797,688296.SH,688296,和达科技,浙江,软件服务,hdkj,科创板,20210727,,
4798,688297.SH,688297,中无人机,四川,航空,zwrj,科创板,20220629,,
4799,688298.SH,688298,东方生物,浙江,医疗保健,dfsw,科创板,20200205,,
4800,688299.SH,688299,长阳科技,浙江,元器件,cykj,科创板,20191106,,
4801,688300.SH,688300,联瑞新材,江苏,矿物制品,lrxc,科创板,20191115,,
4802,688301.SH,688301,奕瑞科技,上海,医疗保健,yrkj,科创板,20200918,,
4803,688302.SH,688302,海创药业-U,四川,生物制药,hcyy,科创板,20220412,,
4804,688303.SH,688303,大全能源,新疆,电气设备,dqny,科创板,20210722,,
4805,688305.SH,688305,科德数控,辽宁,机床制造,kdsk,科创板,20210709,,
4806,688306.SH,688306,均普智能,浙江,专用机械,jpzn,科创板,20220322,,
4807,688307.SH,688307,中润光学,浙江,元器件,zrgx,科创板,20230216,,
4808,688308.SH,688308,欧科亿,湖南,机械基件,oky,科创板,20201210,,
4809,688309.SH,688309,恒誉环保,山东,环境保护,hyhb,科创板,20200714,,
4810,688310.SH,688310,迈得医疗,浙江,医疗保健,mdyl,科创板,20191203,,
4811,688311.SH,688311,盟升电子,四川,元器件,msdz,科创板,20200731,,
4812,688312.SH,688312,燕麦科技,深圳,专用机械,ymkj,科创板,20200608,,
4813,688313.SH,688313,仕佳光子,河南,通信设备,sjgz,科创板,20200812,,
4814,688314.SH,688314,康拓医疗,陕西,医疗保健,ktyl,科创板,20210518,,
4815,688315.SH,688315,诺禾致源,北京,医疗保健,nhzy,科创板,20210413,,
4816,688316.SH,688316,青云科技-U,北京,软件服务,qykj,科创板,20210316,,
4817,688317.SH,688317,之江生物,上海,医疗保健,zjsw,科创板,20210118,,
4818,688318.SH,688318,财富趋势,深圳,软件服务,cfqs,科创板,20200427,,
4819,688319.SH,688319,欧林生物,四川,生物制药,olsw,科创板,20210608,,
4820,688320.SH,688320,禾川科技,浙江,电器仪表,hckj,科创板,20220428,,
4821,688321.SH,688321,微芯生物,深圳,化学制药,wxsw,科创板,20190812,,
4822,688322.SH,688322,奥比中光-UW,深圳,元器件,abzg,科创板,20220707,,
4823,688323.SH,688323,瑞华泰,深圳,塑料,rht,科创板,20210428,,
4824,688325.SH,688325,赛微微电,广东,半导体,swwd,科创板,20220422,,
4825,688326.SH,688326,经纬恒润-W,北京,汽车配件,jwhr,科创板,20220419,,
4826,688327.SH,688327,云从科技-UW,广东,软件服务,yckj,科创板,20220527,,
4827,688328.SH,688328,深科达,深圳,专用机械,skd,科创板,20210309,,
4828,688329.SH,688329,艾隆科技,江苏,专用机械,alkj,科创板,20210329,,
4829,688330.SH,688330,宏力达,上海,电气设备,hld,科创板,20201015,,
4830,688331.SH,688331,荣昌生物,山东,生物制药,rcsw,科创板,20220331,,
4831,688332.SH,688332,中科蓝讯,深圳,半导体,zklx,科创板,20220715,,
4832,688333.SH,688333,铂力特,陕西,机械基件,blt,科创板,20190722,,
4833,688334.SH,688334,西高院,陕西,电气设备,xgy,科创板,20230619,,
4834,688335.SH,688335,复洁环保,上海,环境保护,fjhb,科创板,20200817,,
4835,688336.SH,688336,三生国健,上海,生物制药,ssgj,科创板,20200722,,
4836,688337.SH,688337,普源精电,江苏,电器仪表,pyjd,科创板,20220408,,
4837,688338.SH,688338,赛科希德,北京,医疗保健,skxd,科创板,20200806,,
4838,688339.SH,688339,亿华通-U,北京,汽车配件,yht,科创板,20200810,,
4839,688343.SH,688343,云天励飞-U,深圳,软件服务,ytlf,科创板,20230404,,
4840,688345.SH,688345,博力威,广东,电气设备,blw,科创板,20210611,,
4841,688347.SH,688347,华虹公司,上海,半导体,hhgs,科创板,20230807,,
4842,688348.SH,688348,昱能科技,浙江,电气设备,ynkj,科创板,20220608,,
4843,688349.SH,688349,三一重能,北京,电气设备,syzn,科创板,20220622,,
4844,688350.SH,688350,富淼科技,江苏,化工原料,fmkj,科创板,20210128,,
4845,688351.SH,688351,微电生理-U,上海,医疗保健,wdsl,科创板,20220831,,
4846,688352.SH,688352,颀中科技,安徽,半导体,qzkj,科创板,20230420,,
4847,688353.SH,688353,华盛锂电,江苏,化工原料,hsld,科创板,20220713,,
4848,688355.SH,688355,明志科技,江苏,机械基件,mzkj,科创板,20210512,,
4849,688356.SH,688356,键凯科技,北京,化学制药,jkkj,科创板,20200826,,
4850,688357.SH,688357,建龙微纳,河南,化工原料,jlwn,科创板,20191204,,
4851,688358.SH,688358,祥生医疗,江苏,医疗保健,xsyl,科创板,20191203,,
4852,688359.SH,688359,三孚新科,广东,化工原料,sfxk,科创板,20210521,,
4853,688360.SH,688360,德马科技,浙江,机械基件,dmkj,科创板,20200602,,
4854,688361.SH,688361,中科飞测,深圳,半导体,zkfc,科创板,20230519,,
4855,688362.SH,688362,甬矽电子,浙江,半导体,yxdz,科创板,20221116,,
4856,688363.SH,688363,华熙生物,山东,医疗保健,hxsw,科创板,20191106,,
4857,688365.SH,688365,光云科技,浙江,软件服务,gykj,科创板,20200429,,
4858,688366.SH,688366,昊海生科,上海,医疗保健,hhsk,科创板,20191030,,
4859,688367.SH,688367,工大高科,安徽,运输设备,gdgk,科创板,20210628,,
4860,688368.SH,688368,晶丰明源,上海,半导体,jfmy,科创板,20191014,,
4861,688369.SH,688369,致远互联,北京,软件服务,zyhl,科创板,20191031,,
4862,688370.SH,688370,丛麟科技,上海,环境保护,clkj,科创板,20220825,,
4863,688371.SH,688371,菲沃泰,江苏,元器件,fwt,科创板,20220802,,
4864,688372.SH,688372,伟测科技,上海,半导体,wckj,科创板,20221026,,
4865,688373.SH,688373,盟科药业-U,上海,化学制药,mkyy,科创板,20220805,,
4866,688375.SH,688375,国博电子,江苏,元器件,gbdz,科创板,20220722,,
4867,688376.SH,688376,美埃科技,江苏,专用机械,makj,科创板,20221118,,
4868,688377.SH,688377,迪威尔,江苏,专用机械,dwe,科创板,20200708,,
4869,688378.SH,688378,奥来德,吉林,专用机械,ald,科创板,20200903,,
4870,688379.SH,688379,华光新材,浙江,机械基件,hgxc,科创板,20200819,,
4871,688380.SH,688380,中微半导,深圳,半导体,zwbd,科创板,20220805,,
4872,688381.SH,688381,帝奥微,江苏,半导体,daw,科创板,20220823,,
4873,688382.SH,688382,益方生物-U,上海,生物制药,yfsw,科创板,20220725,,
4874,688383.SH,688383,新益昌,深圳,专用机械,xyc,科创板,20210428,,
4875,688385.SH,688385,复旦微电,上海,半导体,fdwd,科创板,20210804,,
4876,688386.SH,688386,泛亚微透,江苏,化工原料,fywt,科创板,20201016,,
4877,688387.SH,688387,信科移动-U,湖北,通信设备,xkyd,科创板,20220926,,
4878,688388.SH,688388,嘉元科技,广东,电气设备,jykj,科创板,20190722,,
4879,688389.SH,688389,普门科技,深圳,医疗保健,pmkj,科创板,20191105,,
4880,688390.SH,688390,固德威,江苏,电气设备,gdw,科创板,20200904,,
4881,688391.SH,688391,钜泉科技,上海,半导体,jqkj,科创板,20220913,,
4882,688392.SH,688392,骄成超声,上海,专用机械,jccs,科创板,20220927,,
4883,688393.SH,688393,安必平,广东,医疗保健,abp,科创板,20200820,,
4884,688395.SH,688395,正弦电气,深圳,机械基件,zxdq,科创板,20210429,,
4885,688396.SH,688396,华润微,江苏,半导体,hrw,科创板,20200227,,
4886,688398.SH,688398,赛特新材,福建,矿物制品,stxc,科创板,20200211,,
4887,688399.SH,688399,硕世生物,江苏,医疗保健,sssw,科创板,20191205,,
4888,688400.SH,688400,凌云光,北京,专用机械,lyg,科创板,20220706,,
4889,688401.SH,688401,路维光电,深圳,半导体,lwgd,科创板,20220817,,
4890,688403.SH,688403,汇成股份,安徽,半导体,hcgf,科创板,20220818,,
4891,688408.SH,688408,中信博,江苏,电气设备,zxb,科创板,20200828,,
4892,688409.SH,688409,富创精密,辽宁,半导体,fcjm,科创板,20221010,,
4893,688410.SH,688410,山外山,重庆,医疗保健,sws,科创板,20221226,,
4894,688416.SH,688416,恒烁股份,安徽,半导体,hsgf,科创板,20220829,,
4895,688418.SH,688418,震有科技,深圳,通信设备,zykj,科创板,20200722,,
4896,688419.SH,688419,耐科装备,安徽,半导体,nkzb,科创板,20221107,,
4897,688420.SH,688420,美腾科技,天津,专用机械,mtkj,科创板,20221209,,
4898,688425.SH,688425,铁建重工,湖南,工程机械,tjzg,科创板,20210622,,
4899,688426.SH,688426,康为世纪,江苏,生物制药,kwsj,科创板,20221025,,
4900,688428.SH,688428,诺诚健华-U,北京,生物制药,ncjh,科创板,20220921,,
4901,688429.SH,688429,时创能源,江苏,电气设备,scny,科创板,20230629,,
4902,688432.SH,688432,有研硅,北京,半导体,yyg,科创板,20221110,,
4903,688433.SH,688433,华曙高科,湖南,专用机械,hsgk,科创板,20230417,,
4904,688435.SH,688435,英方软件,上海,软件服务,yfrj,科创板,20230119,,
4905,688439.SH,688439,振华风光,贵州,元器件,zhfg,科创板,20220826,,
4906,688443.SH,688443,智翔金泰-U,重庆,生物制药,zxjt,科创板,20230620,,
4907,688448.SH,688448,磁谷科技,江苏,专用机械,cgkj,科创板,20220921,,
4908,688450.SH,688450,光格科技,江苏,电器仪表,ggkj,科创板,20230724,,
4909,688455.SH,688455,科捷智能,山东,机械基件,kjzn,科创板,20220915,,
4910,688456.SH,688456,有研粉材,北京,铜,yyfc,科创板,20210317,,
4911,688458.SH,688458,美芯晟,北京,半导体,mxs,科创板,20230522,,
4912,688459.SH,688459,哈铁科技,黑龙江,运输设备,htkj,科创板,20221012,,
4913,688466.SH,688466,金科环境,北京,环境保护,jkhj,科创板,20200508,,
4914,688468.SH,688468,科美诊断,北京,医疗保健,kmzd,科创板,20210409,,
4915,688469.SH,688469,芯联集成-U,浙江,半导体,xljc,科创板,20230510,,
4916,688472.SH,688472,阿特斯,江苏,电气设备,ats,科创板,20230609,,
4917,688475.SH,688475,萤石网络,浙江,IT设备,yswl,科创板,20221228,,
4918,688478.SH,688478,晶升股份,江苏,半导体,jsgf,科创板,20230424,,
4919,688479.SH,688479,友车科技,上海,软件服务,yckj,科创板,20230511,,
4920,688480.SH,688480,赛恩斯,湖南,环境保护,ses,科创板,20221125,,
4921,688484.SH,688484,南芯科技,上海,半导体,nxkj,科创板,20230407,,
4922,688485.SH,688485,九州一轨,北京,运输设备,jzyg,科创板,20230118,,
4923,688486.SH,688486,龙迅股份,安徽,半导体,lxgf,科创板,20230221,,
4924,688488.SH,688488,艾迪药业,江苏,生物制药,adyy,科创板,20200720,,
4925,688489.SH,688489,三未信安,北京,IT设备,swxa,科创板,20221202,,
4926,688496.SH,688496,清越科技,江苏,元器件,qykj,科创板,20221228,,
4927,688498.SH,688498,源杰科技,陕西,半导体,yjkj,科创板,20221221,,
4928,688499.SH,688499,利元亨,广东,专用机械,lyh,科创板,20210701,,
4929,688500.SH,688500,慧辰股份,北京,互联网,hcgf,科创板,20200716,,
4930,688501.SH,688501,青达环保,山东,环境保护,qdhb,科创板,20210716,,
4931,688502.SH,688502,茂莱光学,江苏,元器件,mlgx,科创板,20230309,,
4932,688503.SH,688503,聚和材料,江苏,电气设备,jhcl,科创板,20221209,,
4933,688505.SH,688505,复旦张江,上海,化学制药,fdzj,科创板,20200619,,
4934,688506.SH,688506,百利天恒-U,四川,化学制药,blth,科创板,20230106,,
4935,688507.SH,688507,索辰科技,上海,软件服务,sckj,科创板,20230418,,
4936,688508.SH,688508,芯朋微,江苏,半导体,xpw,科创板,20200722,,
4937,688509.SH,688509,正元地信,北京,软件服务,zydx,科创板,20210730,,
4938,688510.SH,688510,航亚科技,江苏,航空,hykj,科创板,20201216,,
4939,688511.SH,688511,天微电子,四川,元器件,twdz,科创板,20210730,,
4940,688512.SH,688512,慧智微-U,广东,半导体,hzw,科创板,20230516,,
4941,688513.SH,688513,苑东生物,四川,化学制药,ydsw,科创板,20200902,,
4942,688515.SH,688515,裕太微-U,江苏,半导体,ytw,科创板,20230210,,
4943,688516.SH,688516,奥特维,江苏,专用机械,atw,科创板,20200521,,
4944,688517.SH,688517,金冠电气,河南,电气设备,jgdq,科创板,20210618,,
4945,688518.SH,688518,联赢激光,深圳,专用机械,lyjg,科创板,20200622,,
4946,688519.SH,688519,南亚新材,上海,元器件,nyxc,科创板,20200818,,
4947,688520.SH,688520,神州细胞-U,北京,生物制药,szxb,科创板,20200622,,
4948,688521.SH,688521,芯原股份,上海,半导体,xygf,科创板,20200818,,
4949,688522.SH,688522,纳睿雷达,广东,通信设备,nrld,科创板,20230301,,
4950,688523.SH,688523,航天环宇,湖南,航空,hthy,科创板,20230602,,
4951,688525.SH,688525,佰维存储,深圳,半导体,bwcc,科创板,20221230,,
4952,688526.SH,688526,科前生物,湖北,农业综合,kqsw,科创板,20200922,,
4953,688528.SH,688528,秦川物联,四川,电器仪表,qcwl,科创板,20200701,,
4954,688529.SH,688529,豪森智能,辽宁,专用机械,hszn,科创板,20201109,,
4955,688530.SH,688530,欧莱新材,广东,半导体,olxc,科创板,20240509,,
4956,688531.SH,688531,日联科技,江苏,专用机械,rlkj,科创板,20230331,,
4957,688533.SH,688533,上声电子,江苏,汽车配件,ssdz,科创板,20210419,,
4958,688535.SH,688535,华海诚科,江苏,半导体,hhck,科创板,20230404,,
4959,688536.SH,688536,思瑞浦,江苏,半导体,srp,科创板,20200921,,
4960,688538.SH,688538,和辉光电-U,上海,半导体,hhgd,科创板,20210528,,
4961,688539.SH,688539,高华科技,江苏,电器仪表,ghkj,科创板,20230418,,
4962,688543.SH,688543,国科军工,江西,专用机械,gkjg,科创板,20230621,,
4963,688548.SH,688548,广钢气体,广东,化工原料,ggqt,科创板,20230815,,
4964,688549.SH,688549,中巨芯-U,浙江,元器件,zjx,科创板,20230908,,
4965,688550.SH,688550,瑞联新材,陕西,化工原料,rlxc,科创板,20200902,,
4966,688551.SH,688551,科威尔,安徽,专用机械,kwe,科创板,20200910,,
4967,688552.SH,688552,航天南湖,湖北,通信设备,htnh,科创板,20230518,,
4968,688553.SH,688553,汇宇制药-W,四川,化学制药,hyzy,科创板,20211026,,
4969,688556.SH,688556,高测股份,山东,专用机械,gcgf,科创板,20200807,,
4970,688557.SH,688557,兰剑智能,山东,专用机械,ljzn,科创板,20201202,,
4971,688558.SH,688558,国盛智科,江苏,机床制造,gszk,科创板,20200630,,
4972,688559.SH,688559,海目星,深圳,专用机械,hmx,科创板,20200909,,
4973,688560.SH,688560,明冠新材,江西,电气设备,mgxc,科创板,20201224,,
4974,688561.SH,688561,奇安信-U,北京,软件服务,qax,科创板,20200722,,
4975,688562.SH,688562,航天软件,北京,软件服务,htrj,科创板,20230524,,
4976,688563.SH,688563,航材股份,北京,航空,hcgf,科创板,20230719,,
4977,688565.SH,688565,力源科技,浙江,环境保护,lykj,科创板,20210513,,
4978,688566.SH,688566,吉贝尔,江苏,化学制药,jbe,科创板,20200518,,
4979,688567.SH,688567,孚能科技,江西,电气设备,fnkj,科创板,20200717,,
4980,688568.SH,688568,中科星图,北京,软件服务,zkxt,科创板,20200708,,
4981,688569.SH,688569,铁科轨道,北京,运输设备,tkgd,科创板,20200831,,
4982,688570.SH,688570,天玛智控,北京,专用机械,tmzk,科创板,20230605,,
4983,688571.SH,688571,杭华股份,浙江,染料涂料,hhgf,科创板,20201211,,
4984,688573.SH,688573,信宇人,深圳,专用机械,xyr,科创板,20230817,,
4985,688575.SH,688575,亚辉龙,深圳,医疗保健,yhl,科创板,20210517,,
4986,688576.SH,688576,西山科技,重庆,医疗保健,xskj,科创板,20230606,,
4987,688577.SH,688577,浙海德曼,浙江,机床制造,zhdm,科创板,20200916,,
4988,688578.SH,688578,艾力斯,上海,化学制药,als,科创板,20201202,,
4989,688579.SH,688579,山大地纬,山东,软件服务,sddw,科创板,20200717,,
4990,688580.SH,688580,伟思医疗,江苏,医疗保健,wsyl,科创板,20200721,,
4991,688581.SH,688581,安杰思,浙江,医疗保健,ajs,科创板,20230519,,
4992,688582.SH,688582,芯动联科,安徽,电器仪表,xdlk,科创板,20230630,,
4993,688584.SH,688584,上海合晶,上海,半导体,shhj,科创板,20240208,,
4994,688585.SH,688585,上纬新材,上海,化工原料,swxc,科创板,20200928,,
4995,688586.SH,688586,江航装备,安徽,航空,jhzb,科创板,20200731,,
4996,688588.SH,688588,凌志软件,江苏,软件服务,lzrj,科创板,20200511,,
4997,688589.SH,688589,力合微,深圳,半导体,lhw,科创板,20200722,,
4998,688590.SH,688590,新致软件,上海,软件服务,xzrj,科创板,20201207,,
4999,688591.SH,688591,泰凌微,上海,半导体,tlw,科创板,20230825,,
5000,688592.SH,688592,司南导航,上海,通信设备,sndh,科创板,20230816,,
5001,688593.SH,688593,新相微,上海,半导体,xxw,科创板,20230601,,
5002,688595.SH,688595,芯海科技,深圳,半导体,xhkj,科创板,20200928,,
5003,688596.SH,688596,正帆科技,上海,专用机械,zfkj,科创板,20200820,,
5004,688597.SH,688597,煜邦电力,北京,电器仪表,ybdl,科创板,20210617,,
5005,688598.SH,688598,金博股份,湖南,矿物制品,jbgf,科创板,20200518,,
5006,688599.SH,688599,天合光能,江苏,电气设备,thgn,科创板,20200610,,
5007,688600.SH,688600,皖仪科技,安徽,电器仪表,wykj,科创板,20200703,,
5008,688601.SH,688601,力芯微,江苏,半导体,lxw,科创板,20210628,,
5009,688602.SH,688602,康鹏科技,上海,化工原料,kpkj,科创板,20230720,,
5010,688603.SH,688603,天承科技,广东,化工原料,tckj,科创板,20230710,,
5011,688606.SH,688606,奥泰生物,浙江,医疗保健,atsw,科创板,20210325,,
5012,688607.SH,688607,康众医疗,江苏,医疗保健,kzyl,科创板,20210201,,
5013,688608.SH,688608,恒玄科技,上海,半导体,hxkj,科创板,20201216,,
5014,688609.SH,688609,九联科技,广东,家用电器,jlkj,科创板,20210323,,
5015,688610.SH,688610,埃科光电,安徽,电器仪表,akgd,科创板,20230719,,
5016,688611.SH,688611,杭州柯林,浙江,电气设备,hzkl,科创板,20210412,,
5017,688612.SH,688612,威迈斯,深圳,汽车配件,wms,科创板,20230726,,
5018,688613.SH,688613,奥精医疗,北京,医疗保健,ajyl,科创板,20210521,,
5019,688616.SH,688616,西力科技,浙江,电器仪表,xlkj,科创板,20210318,,
5020,688617.SH,688617,惠泰医疗,深圳,医疗保健,htyl,科创板,20210107,,
5021,688618.SH,688618,三旺通信,深圳,通信设备,swtx,科创板,20201230,,
5022,688619.SH,688619,罗普特,福建,软件服务,lpt,科创板,20210223,,
5023,688620.SH,688620,安凯微,广东,半导体,akw,科创板,20230627,,
5024,688621.SH,688621,阳光诺和,北京,医疗保健,ygnh,科创板,20210621,,
5025,688622.SH,688622,禾信仪器,广东,电器仪表,hxyq,科创板,20210913,,
5026,688623.SH,688623,双元科技,浙江,专用机械,sykj,科创板,20230608,,
5027,688625.SH,688625,呈和科技,广东,化工原料,chkj,科创板,20210607,,
5028,688626.SH,688626,翔宇医疗,河南,医疗保健,xyyl,科创板,20210331,,
5029,688627.SH,688627,精智达,深圳,专用机械,jzd,科创板,20230718,,
5030,688628.SH,688628,优利德,广东,电器仪表,yld,科创板,20210201,,
5031,688629.SH,688629,华丰科技,四川,元器件,hfkj,科创板,20230627,,
5032,688630.SH,688630,芯碁微装,安徽,专用机械,xqwz,科创板,20210401,,
5033,688631.SH,688631,莱斯信息,江苏,软件服务,lsxx,科创板,20230628,,
5034,688633.SH,688633,星球石墨,江苏,专用机械,xqsm,科创板,20210324,,
5035,688636.SH,688636,智明达,四川,元器件,zmd,科创板,20210408,,
5036,688638.SH,688638,誉辰智能,深圳,专用机械,yczn,科创板,20230712,,
5037,688639.SH,688639,华恒生物,安徽,化学制药,hhsw,科创板,20210422,,
5038,688646.SH,688646,逸飞激光,湖北,专用机械,yfjg,科创板,20230728,,
5039,688648.SH,688648,中邮科技,上海,机床制造,zykj,科创板,20231113,,
5040,688651.SH,688651,盛邦安全,北京,软件服务,sbaq,科创板,20230726,,
5041,688652.SH,688652,京仪装备,北京,半导体,jyzb,科创板,20231129,,
5042,688653.SH,688653,康希通信,上海,半导体,kxtx,科创板,20231117,,
5043,688655.SH,688655,迅捷兴,深圳,元器件,xjx,科创板,20210511,,
5044,688656.SH,688656,浩欧博,江苏,医疗保健,hob,科创板,20210113,,
5045,688657.SH,688657,浩辰软件,江苏,软件服务,hcrj,科创板,20231010,,
5046,688658.SH,688658,悦康药业,北京,化学制药,ykyy,科创板,20201224,,
5047,688659.SH,688659,元琛科技,安徽,环境保护,yckj,科创板,20210331,,
5048,688660.SH,688660,电气风电,上海,电气设备,dqfd,科创板,20210519,,
5049,688661.SH,688661,和林微纳,江苏,元器件,hlwn,科创板,20210329,,
5050,688662.SH,688662,富信科技,广东,元器件,fxkj,科创板,20210401,,
5051,688663.SH,688663,新风光,山东,电气设备,xfg,科创板,20210413,,
5052,688665.SH,688665,四方光电,湖北,电器仪表,sfgd,科创板,20210209,,
5053,688667.SH,688667,菱电电控,湖北,汽车配件,lddk,科创板,20210312,,
5054,688668.SH,688668,鼎通科技,广东,通信设备,dtkj,科创板,20201221,,
5055,688669.SH,688669,聚石化学,广东,化工原料,jshx,科创板,20210125,,
5056,688670.SH,688670,金迪克,江苏,生物制药,jdk,科创板,20210802,,
5057,688671.SH,688671,碧兴物联,深圳,环境保护,bxwl,科创板,20230809,,
5058,688676.SH,688676,金盘科技,海南,电气设备,jpkj,科创板,20210309,,
5059,688677.SH,688677,海泰新光,山东,医疗保健,htxg,科创板,20210226,,
5060,688678.SH,688678,福立旺,江苏,元器件,flw,科创板,20201223,,
5061,688679.SH,688679,通源环境,安徽,环境保护,tyhj,科创板,20201225,,
5062,688680.SH,688680,海优新材,上海,塑料,hyxc,科创板,20210122,,
5063,688681.SH,688681,科汇股份,山东,电气设备,khgf,科创板,20210616,,
5064,688682.SH,688682,霍莱沃,上海,软件服务,hlw,科创板,20210420,,
5065,688683.SH,688683,莱尔科技,广东,元器件,lekj,科创板,20210412,,
5066,688685.SH,688685,迈信林,江苏,航空,mxl,科创板,20210513,,
5067,688686.SH,688686,奥普特,广东,电器仪表,apt,科创板,20201231,,
5068,688687.SH,688687,凯因科技,北京,生物制药,kykj,科创板,20210208,,
5069,688689.SH,688689,银河微电,江苏,半导体,yhwd,科创板,20210127,,
5070,688690.SH,688690,纳微科技,江苏,化工原料,nwkj,科创板,20210623,,
5071,688691.SH,688691,灿芯股份,上海,半导体,cxgf,科创板,20240411,,
5072,688692.SH,688692,达梦数据,湖北,软件服务,dmsj,科创板,20240612,,
5073,688693.SH,688693,锴威特,江苏,半导体,kwt,科创板,20230818,,
5074,688695.SH,688695,中创股份,山东,软件服务,zcgf,科创板,20240313,,
5075,688696.SH,688696,极米科技,四川,家用电器,jmkj,科创板,20210303,,
5076,688697.SH,688697,纽威数控,江苏,机床制造,nwsk,科创板,20210917,,
5077,688698.SH,688698,伟创电气,江苏,电气设备,wcdq,科创板,20201229,,
5078,688699.SH,688699,明微电子,深圳,半导体,mwdz,科创板,20201218,,
5079,688700.SH,688700,东威科技,江苏,专用机械,dwkj,科创板,20210615,,
5080,688701.SH,688701,卓锦股份,浙江,环境保护,zjgf,科创板,20210916,,
5081,688702.SH,688702,盛科通信-U,江苏,半导体,sktx,科创板,20230914,,
5082,688707.SH,688707,振华新材,贵州,电气设备,zhxc,科创板,20210914,,
5083,688709.SH,688709,成都华微,四川,半导体,cdhw,科创板,20240207,,
5084,688710.SH,688710,益诺思,上海,生物制药,yns,科创板,20240903,,
5085,688711.SH,688711,宏微科技,江苏,半导体,hwkj,科创板,20210901,,
5086,688716.SH,688716,中研股份,吉林,化工原料,zygf,科创板,20230920,,
5087,688717.SH,688717,艾罗能源,浙江,电气设备,alny,科创板,20240103,,
5088,688718.SH,688718,唯赛勃,上海,塑料,wsb,科创板,20210728,,
5089,688719.SH,688719,爱科赛博,陕西,电气设备,aksb,科创板,20230928,,
5090,688720.SH,688720,艾森股份,江苏,半导体,asgf,科创板,20231206,,
5091,688721.SH,688721,龙图光罩,深圳,半导体,ltgz,科创板,20240806,,
5092,688722.SH,688722,同益中,北京,化纤,tyz,科创板,20211019,,
5093,688728.SH,688728,格科微,上海,半导体,gkw,科创板,20210818,,
5094,688733.SH,688733,壹石通,安徽,矿物制品,yst,科创板,20210817,,
5095,688737.SH,688737,中自科技,四川,汽车配件,zzkj,科创板,20211022,,
5096,688739.SH,688739,成大生物,辽宁,生物制药,cdsw,科创板,20211028,,
5097,688766.SH,688766,普冉股份,上海,半导体,prgf,科创板,20210823,,
5098,688767.SH,688767,博拓生物,浙江,医疗保健,btsw,科创板,20210908,,
5099,688768.SH,688768,容知日新,安徽,电器仪表,rzrx,科创板,20210726,,
5100,688772.SH,688772,珠海冠宇,广东,电气设备,zhgy,科创板,20211015,,
5101,688776.SH,688776,国光电气,四川,元器件,ggdq,科创板,20210831,,
5102,688777.SH,688777,中控技术,浙江,专用机械,zkjs,科创板,20201124,,
5103,688778.SH,688778,厦钨新能,福建,电气设备,xwxn,科创板,20210805,,
5104,688779.SH,688779,五矿新能,湖南,电气设备,wkxn,科创板,20210811,,
5105,688786.SH,688786,悦安新材,江西,小金属,yaxc,科创板,20210826,,
5106,688787.SH,688787,海天瑞声,北京,软件服务,htrs,科创板,20210813,,
5107,688788.SH,688788,科思科技,深圳,通信设备,kskj,科创板,20201022,,
5108,688789.SH,688789,宏华数科,浙江,专用机械,hhsk,科创板,20210708,,
5109,688793.SH,688793,倍轻松,深圳,家用电器,bqs,科创板,20210715,,
5110,688798.SH,688798,艾为电子,上海,半导体,awdz,科创板,20210816,,
5111,688799.SH,688799,华纳药厂,湖南,化学制药,hnyc,科创板,20210713,,
5112,688800.SH,688800,瑞可达,江苏,元器件,rkd,科创板,20210722,,
5113,688819.SH,688819,天能股份,浙江,电气设备,tngf,科创板,20210118,,
5114,688981.SH,688981,中芯国际,上海,半导体,zxgj,科创板,20200716,,
5115,830779.BJ,830779,武汉蓝电,湖北,电器仪表,whld,北交所,20230601,吴伟,民营企业
5116,830799.BJ,830799,艾融软件,上海,软件服务,arrj,北交所,20200727,吴臻,民营企业
5117,830809.BJ,830809,安达科技,贵州,电气设备,adkj,北交所,20230323,刘国安,民营企业
5118,830832.BJ,830832,齐鲁华信,山东,化工原料,qlhx,北交所,20210223,明曰信,民营企业
5119,830839.BJ,830839,万通液压,山东,工程机械,wtyy,北交所,20201109,王万法,民营企业
5120,830879.BJ,830879,基康仪器,北京,电器仪表,jkyq,北交所,20221220,蒋小钢,民营企业
5121,830896.BJ,830896,旺成科技,重庆,汽车配件,wckj,北交所,20230419,吴银剑,民营企业
5122,830946.BJ,830946,森萱医药,江苏,化学制药,sxyy,北交所,20200727,江苏省南通市人民政府国有资产监督管理委员会,地方国企
5123,830964.BJ,830964,润农节水,河北,建筑工程,rnjs,北交所,20200727,薛宝松,民营企业
5124,830974.BJ,830974,凯大催化,浙江,化工原料,kdch,北交所,20230308,姚洪,民营企业
5125,831010.BJ,831010,凯添燃气,宁夏,供气供热,ktrq,北交所,20200727,龚晓科,民营企业
5126,831039.BJ,831039,国义招标,广东,建筑工程,gyzb,北交所,20210818,广东省广新控股集团有限公司,地方国企
5127,831087.BJ,831087,秋乐种业,河南,种植业,qlzy,北交所,20221207,河南省农业科学院,地方国企
5128,831152.BJ,831152,昆工科技,云南,小金属,kgkj,北交所,20220901,郭忠诚,民营企业
5129,831167.BJ,831167,鑫汇科,深圳,元器件,xhk,北交所,20220527,丘守庆,民营企业
5130,831175.BJ,831175,派诺科技,广东,电气设备,pnkj,北交所,20231214,邓翔,民营企业
5131,831195.BJ,831195,三祥科技,山东,汽车配件,sxkj,北交所,20221230,魏增祥,民营企业
5132,831278.BJ,831278,泰德股份,山东,汽车配件,tdgf,北交所,20220620,张新生,民营企业
5133,831304.BJ,831304,迪尔化工,山东,化工原料,dehg,北交所,20230418,刘西玉,民营企业
5134,831305.BJ,831305,海希通讯,上海,电器仪表,hxtx,北交所,20211105,周彤,民营企业
5135,831370.BJ,831370,新安洁,重庆,环境保护,xaj,北交所,20200727,魏延田,民营企业
5136,831396.BJ,831396,许昌智能,河南,电气设备,xczn,北交所,20240126,张洪涛,民营企业
5137,831445.BJ,831445,龙竹科技,福建,家居用品,lzkj,北交所,20200727,连健昌,民营企业
5138,831526.BJ,831526,凯华材料,天津,化工原料,khcl,北交所,20221222,任志成,民营企业
5139,831627.BJ,831627,力王股份,广东,电气设备,lwgf,北交所,20230907,李维海,民营企业
5140,831641.BJ,831641,格利尔,江苏,矿物制品,gle,北交所,20221202,朱从利,民营企业
5141,831689.BJ,831689,克莱特,山东,专用机械,klt,北交所,20220321,盛才良,民营企业
5142,831726.BJ,831726,朱老六,吉林,食品,zll,北交所,20210527,朱先明,民营企业
5143,831768.BJ,831768,拾比佰,广东,家用电器,sbb,北交所,20210628,杜文雄,民营企业
5144,831832.BJ,831832,科达自控,山西,软件服务,kdzk,北交所,20211115,付国军,民营企业
5145,831834.BJ,831834,三维股份,江苏,塑料,swgf,北交所,20220822,李光千,民营企业
5146,831855.BJ,831855,浙江大农,浙江,机床制造,zjdn,北交所,20221229,王靖,民营企业
5147,831856.BJ,831856,浩淼科技,安徽,专用机械,hmkj,北交所,20201225,倪军,民营企业
5148,831906.BJ,831906,舜宇精工,浙江,汽车配件,syjg,北交所,20230222,倪文军,民营企业
5149,831961.BJ,831961,创远信科,上海,电器仪表,cyxk,北交所,20200727,冯跃军,民营企业
5150,832000.BJ,832000,安徽凤凰,安徽,汽车配件,ahfh,北交所,20201223,巫界树,外资企业
5151,832023.BJ,832023,田野股份,广西,食品,tygf,北交所,20230202,姚玖志,民营企业
5152,832089.BJ,832089,禾昌聚合,江苏,塑料,hcjh,北交所,20211109,赵东明,民营企业
5153,832110.BJ,832110,雷特科技,广东,电气设备,ltkj,北交所,20221206,雷建文,民营企业
5154,832145.BJ,832145,恒合股份,北京,环境保护,hhgf,北交所,20211115,王琳,民营企业
5155,832149.BJ,832149,利尔达,浙江,元器件,led,北交所,20230217,陈凯,民营企业
5156,832171.BJ,832171,志晟信息,河北,软件服务,zsxx,北交所,20211115,穆志刚,民营企业
5157,832175.BJ,832175,东方碳素,河南,化工原料,dfts,北交所,20230630,杨遂运,民营企业
5158,832225.BJ,832225,利通科技,河南,橡胶,ltkj,北交所,20210225,赵洪亮,民营企业
5159,832278.BJ,832278,鹿得医疗,江苏,医疗保健,ldyl,北交所,20200727,项友亮,民营企业
5160,832419.BJ,832419,路斯股份,山东,饲料,lsgf,北交所,20220311,郭洪谦,民营企业
5161,832469.BJ,832469,富恒新材,深圳,塑料,fhxc,北交所,20230918,姚秀珠,民营企业
5162,832471.BJ,832471,美邦科技,河北,化工原料,mbkj,北交所,20230525,高文杲,民营企业
5163,832491.BJ,832491,奥迪威,广东,元器件,adw,北交所,20220614,张曙光,民营企业
5164,832522.BJ,832522,纳科诺尔,河北,专用机械,nkne,北交所,20231116,付建新,民营企业
5165,832566.BJ,832566,梓橦宫,四川,化学制药,ztg,北交所,20210813,唐铣,民营企业
5166,832651.BJ,832651,天罡股份,山东,电器仪表,tggf,北交所,20230627,付涛,民营企业
5167,832662.BJ,832662,方盛股份,江苏,机械基件,fsgf,北交所,20221128,丁云龙,民营企业
5168,832735.BJ,832735,德源药业,江苏,化学制药,dyyy,北交所,20210219,李永安,民营企业
5169,832786.BJ,832786,骑士乳业,内蒙,乳制品,qsry,北交所,20231013,党涌涛,民营企业
5170,832802.BJ,832802,保丽洁,江苏,环境保护,blj,北交所,20230206,钱振清,民营企业
5171,832876.BJ,832876,慧为智能,深圳,元器件,hwzn,北交所,20221109,李晓辉,民营企业
5172,832885.BJ,832885,星辰科技,广西,电器仪表,xckj,北交所,20210708,吕虹,民营企业
5173,832978.BJ,832978,开特股份,湖北,汽车配件,ktgf,北交所,20230928,郑海法,民营企业
5174,832982.BJ,832982,锦波生物,山西,医疗保健,jbsw,北交所,20230720,杨霞,民营企业
5175,833030.BJ,833030,立方控股,浙江,软件服务,lfkg,北交所,20231102,周林健,民营企业
5176,833075.BJ,833075,柏星龙,深圳,广告包装,bxl,北交所,20221214,赵国义,民营企业
5177,833171.BJ,833171,国航远洋,福建,水运,ghyy,北交所,20221215,王炎平,民营企业
5178,833230.BJ,833230,欧康医药,四川,生物制药,okyy,北交所,20221209,赵卓君,民营企业
5179,833266.BJ,833266,生物谷,云南,中成药,swg,北交所,20200727,林艳和,民营企业
5180,833284.BJ,833284,灵鸽科技,江苏,专用机械,lgkj,北交所,20231219,王洪良,民营企业
5181,833346.BJ,833346,威贸电子,上海,元器件,wmdz,北交所,20220223,周豪良,民营企业
5182,833394.BJ,833394,民士达,山东,造纸,msd,北交所,20230425,山东省烟台市人民政府国有资产监督管理委员会,地方国企
5183,833427.BJ,833427,华维设计,江西,建筑工程,hwsj,北交所,20210205,廖宜勤,民营企业
5184,833429.BJ,833429,康比特,北京,食品,kbt,北交所,20221215,白厚增,民营企业
5185,833454.BJ,833454,同心传动,河南,汽车配件,txcd,北交所,20211115,陈红凯,民营企业
5186,833455.BJ,833455,汇隆活塞,辽宁,专用机械,hlhs,北交所,20230621,苏爱琴,民营企业
5187,833509.BJ,833509,同惠电子,江苏,电器仪表,thdz,北交所,20210111,赵浩华,民营企业
5188,833523.BJ,833523,德瑞锂电,广东,电气设备,drld,北交所,20210603,艾建杰,民营企业
5189,833533.BJ,833533,骏创科技,江苏,汽车配件,jckj,北交所,20220524,沈安居,民营企业
5190,833575.BJ,833575,康乐卫士,北京,生物制药,klws,北交所,20230315,陶涛,民营企业
5191,833580.BJ,833580,科创新材,河南,其他建材,kcxc,北交所,20220513,蔚文绪,民营企业
5192,833751.BJ,833751,惠同新材,湖南,小金属,htxc,北交所,20230717,无实际控制人,无
5193,833781.BJ,833781,瑞奇智造,四川,专用机械,rqzz,北交所,20221226,唐联生,民营企业
5194,833819.BJ,833819,颖泰生物,北京,农药化肥,ytsw,北交所,20200727,张松山,民营企业
5195,833873.BJ,833873,中设咨询,重庆,建筑工程,zszx,北交所,20211115,黄华华,民营企业
5196,833914.BJ,833914,远航精密,江苏,小金属,yhjm,北交所,20221111,周林峰,民营企业
5197,833943.BJ,833943,优机股份,四川,机械基件,yjgf,北交所,20220624,罗辑,民营企业
5198,834014.BJ,834014,特瑞斯,江苏,专用机械,trs,北交所,20221213,汤犇,外资企业
5199,834021.BJ,834021,流金科技,北京,影视音像,ljkj,北交所,20200727,王俭,民营企业
5200,834033.BJ,834033,康普化学,重庆,化工原料,kphx,北交所,20221221,邹潜,民营企业
5201,834058.BJ,834058,华洋赛车,浙江,摩托车,hysc,北交所,20230810,戴继刚,民营企业
5202,834062.BJ,834062,科润智控,浙江,电气设备,krzk,北交所,20220713,王荣,民营企业
5203,834261.BJ,834261,一诺威,山东,化工原料,ynw,北交所,20230403,徐军,民营企业
5204,834407.BJ,834407,驰诚股份,河南,电器仪表,ccgf,北交所,20230216,徐卫锋,民营企业
5205,834415.BJ,834415,恒拓开源,河南,软件服务,htky,北交所,20200727,马越,民营企业
5206,834475.BJ,834475,三友科技,浙江,专用机械,sykj,北交所,20200727,吴用,民营企业
5207,834599.BJ,834599,同力股份,陕西,工程机械,tlgf,北交所,20210222,叶磊,民营企业
5208,834639.BJ,834639,晨光电缆,浙江,电气设备,cgdl,北交所,20220712,朱水良,民营企业
5209,834682.BJ,834682,球冠电缆,浙江,电气设备,qgdl,北交所,20200727,陈永明,民营企业
5210,834765.BJ,834765,美之高,深圳,家居用品,mzg,北交所,20210705,黄华侨,民营企业
5211,834770.BJ,834770,艾能聚,浙江,电气设备,anj,北交所,20230228,姚华,民营企业
5212,834950.BJ,834950,迅安科技,江苏,元器件,xakj,北交所,20230111,高为人,民营企业
5213,835174.BJ,835174,五新隧装,湖南,工程机械,wxsz,北交所,20210820,王祥军,民营企业
5214,835179.BJ,835179,凯德石英,北京,矿物制品,kdsy,北交所,20220304,张忠恕,民营企业
5215,835184.BJ,835184,国源科技,北京,软件服务,gykj,北交所,20200727,董利成,民营企业
5216,835185.BJ,835185,贝特瑞,深圳,化工原料,btr,北交所,20200727,中国宝安集团股份有限公司,无
5217,835207.BJ,835207,众诚科技,河南,软件服务,zckj,北交所,20220923,梁侃,民营企业
5218,835237.BJ,835237,力佳科技,湖北,电气设备,ljkj,北交所,20221125,王建,民营企业
5219,835305.BJ,835305,云创数据,江苏,软件服务,ycsj,北交所,20210826,张真,民营企业
5220,835368.BJ,835368,连城数控,辽宁,专用机械,lcsk,北交所,20200727,李春安,民营企业
5221,835438.BJ,835438,戈碧迦,湖北,元器件,gbj,北交所,20240325,虞顺积,民营企业
5222,835508.BJ,835508,殷图网联,北京,电气设备,ytwl,北交所,20200727,郑三立,民营企业
5223,835579.BJ,835579,机科股份,北京,机械基件,jkgf,北交所,20231130,国务院国有资产监督管理委员会,中央国企
5224,835640.BJ,835640,富士达,陕西,通信设备,fsd,北交所,20200727,中国航空工业集团有限公司,中央国企
5225,835670.BJ,835670,数字人,山东,软件服务,szr,北交所,20201208,徐以发,民营企业
5226,835857.BJ,835857,百甲科技,江苏,钢加工,bjkj,北交所,20230314,刘甲铭,民营企业
5227,835892.BJ,835892,中科美菱,安徽,医疗保健,zkml,北交所,20221018,绵阳市国有资产监督管理委员会,地方国企
5228,835985.BJ,835985,海泰新能,河北,电气设备,htxn,北交所,20220808,王永,民营企业
5229,836077.BJ,836077,吉林碳谷,吉林,化纤,jltg,北交所,20210831,吉林省吉林市人民政府国有资产监督管理委员会,地方国企
5230,836149.BJ,836149,旭杰科技,江苏,建筑工程,xjkj,北交所,20200727,丁杰,民营企业
5231,836208.BJ,836208,青矩技术,北京,建筑工程,qjjs,北交所,20230629,无实际控制人,无
5232,836221.BJ,836221,易实精密,江苏,汽车配件,ysjm,北交所,20230608,徐爱明,民营企业
5233,836239.BJ,836239,长虹能源,四川,电气设备,chny,北交所,20210209,绵阳市国有资产监督管理委员会,地方国企
5234,836247.BJ,836247,华密新材,河北,橡胶,hmxc,北交所,20221223,李藏稳,民营企业
5235,836260.BJ,836260,中寰股份,四川,专用机械,zhgf,北交所,20211115,李瑜,民营企业
5236,836263.BJ,836263,中航泰达,北京,环境保护,zhtd,北交所,20200727,刘斌,民营企业
5237,836270.BJ,836270,天铭科技,浙江,汽车配件,tmkj,北交所,20220902,张松,民营企业
5238,836395.BJ,836395,朗鸿科技,浙江,IT设备,lhkj,北交所,20220901,忻宏,民营企业
5239,836414.BJ,836414,欧普泰,上海,电器仪表,opt,北交所,20221212,王振,民营企业
5240,836419.BJ,836419,万德股份,陕西,化工原料,wdgf,北交所,20230915,党土利,民营企业
5241,836422.BJ,836422,润普食品,江苏,食品,rpsp,北交所,20230301,潘如龙,民营企业
5242,836433.BJ,836433,大唐药业,内蒙,中成药,dtyy,北交所,20200727,郝艳涛,民营企业
5243,836504.BJ,836504,博迅生物,上海,医疗保健,bxsw,北交所,20230817,吕明杰,民营企业
5244,836547.BJ,836547,无锡晶海,江苏,化学制药,wxjh,北交所,20231212,李松年,民营企业
5245,836675.BJ,836675,秉扬科技,四川,矿物制品,bykj,北交所,20201228,樊荣,民营企业
5246,836699.BJ,836699,海达尔,江苏,家用电器,hde,北交所,20230509,朱全海,民营企业
5247,836717.BJ,836717,瑞星股份,河北,专用机械,rxgf,北交所,20230703,谷红军,民营企业
5248,836720.BJ,836720,吉冈精密,江苏,机械基件,jgjm,北交所,20211124,周延,民营企业
5249,836807.BJ,836807,奔朗新材,广东,机械基件,blxc,北交所,20221220,尹育航,民营企业
5250,836826.BJ,836826,盖世食品,辽宁,食品,gssp,北交所,20210112,盖泉泓,民营企业
5251,836871.BJ,836871,派特尔,广东,塑料,pte,北交所,20220722,陈宇,民营企业
5252,836892.BJ,836892,广咨国际,广东,建筑工程,gzgj,北交所,20211028,广东省人民政府国有资产监督管理委员会,地方国企
5253,836942.BJ,836942,恒立钻具,湖北,机械基件,hlzj,北交所,20221208,余立新,民营企业
5254,836957.BJ,836957,汉维科技,广东,化工原料,hwkj,北交所,20221214,周述辉,民营企业
5255,836961.BJ,836961,西磁科技,浙江,专用机械,xckj,北交所,20231221,吴望蕤,民营企业
5256,837006.BJ,837006,晟楠科技,江苏,航空,snkj,北交所,20230518,叶学俊,民营企业
5257,837023.BJ,837023,芭薇股份,广东,日用化工,bwgf,北交所,20240329,冷群英,民营企业
5258,837046.BJ,837046,亿能电力,江苏,电气设备,yndl,北交所,20221013,黄彩霞,民营企业
5259,837092.BJ,837092,汉鑫科技,山东,软件服务,hxkj,北交所,20211115,刘文义,民营企业
5260,837174.BJ,837174,宏裕包材,湖北,广告包装,hybc,北交所,20230818,宜昌市人民政府国有资产监督管理委员会,地方国企
5261,837212.BJ,837212,智新电子,山东,元器件,zxdz,北交所,20210608,赵庆福,民营企业
5262,837242.BJ,837242,建邦科技,山东,汽车配件,jbkj,北交所,20200727,钟永铎,民营企业
5263,837344.BJ,837344,三元基因,北京,生物制药,syjy,北交所,20210108,程永庆,民营企业
5264,837403.BJ,837403,康农种业,湖北,种植业,knzy,北交所,20240118,方燕丽,民营企业
5265,837592.BJ,837592,华信永道,北京,软件服务,hxyd,北交所,20230710,刘景郁,民营企业
5266,837663.BJ,837663,明阳科技,江苏,汽车配件,mykj,北交所,20230315,王明祥,民营企业
5267,837748.BJ,837748,路桥信息,福建,软件服务,lqxx,北交所,20230816,厦门市人民政府国有资产监督管理委员会,地方国企
5268,837821.BJ,837821,则成电子,深圳,元器件,zcdz,北交所,20220706,薛兴韩,民营企业
5269,838030.BJ,838030,德众汽车,湖南,汽车服务,dzqc,北交所,20201127,段坤良,民营企业
5270,838163.BJ,838163,方大新材,河北,塑料,fdxc,北交所,20200727,杨志,民营企业
5271,838171.BJ,838171,邦德股份,山东,汽车配件,bdgf,北交所,20220602,吴国良,民营企业
5272,838227.BJ,838227,美登科技,浙江,软件服务,mdkj,北交所,20221228,邹宇,民营企业
5273,838262.BJ,838262,太湖雪,江苏,纺织,thx,北交所,20221230,胡毓芳,民营企业
5274,838275.BJ,838275,驱动力,广东,农业综合,qdl,北交所,20210125,刘金萍,民营企业
5275,838402.BJ,838402,硅烷科技,河南,化工原料,gwkj,北交所,20220928,河南省人民政府国有资产监督管理委员会,地方国企
5276,838670.BJ,838670,恒进感应,湖北,机床制造,hjgy,北交所,20220705,周祥成,民营企业
5277,838701.BJ,838701,豪声电子,浙江,元器件,hsdz,北交所,20230719,徐瑞根,民营企业
5278,838810.BJ,838810,春光药装,辽宁,专用机械,cgyz,北交所,20221216,毕春光,民营企业
5279,838837.BJ,838837,华原股份,广西,汽车配件,hygf,北交所,20230515,广西壮族自治区人民政府国有资产监督管理委员会,地方国企
5280,838924.BJ,838924,广脉科技,浙江,通信设备,gmkj,北交所,20211103,赵国民,民营企业
5281,838971.BJ,838971,天马新材,河南,化工原料,tmxc,北交所,20220927,马淑云,民营企业
5282,839167.BJ,839167,同享科技,江苏,小金属,txkj,北交所,20200727,陆利斌,民营企业
5283,839273.BJ,839273,一致魔芋,湖北,食品,yzmy,北交所,20230221,吴平,民营企业
5284,839371.BJ,839371,欧福蛋业,江苏,食品,ofdy,北交所,20230118,Christian Nicholas Stadil,外资企业
5285,839493.BJ,839493,并行科技,北京,软件服务,bhkj,北交所,20231101,陈健,民营企业
5286,839680.BJ,839680,广道数字,深圳,软件服务,gdsz,北交所,20211115,金文明,民营企业
5287,839719.BJ,839719,宁新新材,江西,化工原料,nxxc,北交所,20230526,李海航,民营企业
5288,839725.BJ,839725,惠丰钻石,河南,矿物制品,hfzs,北交所,20220718,王来福,民营企业
5289,839729.BJ,839729,永顺生物,广东,农业综合,yssw,北交所,20200727,无实际控制人,无
5290,839790.BJ,839790,联迪信息,江苏,软件服务,ldxx,北交所,20220902,沈荣明,民营企业
5291,839792.BJ,839792,东和新材,辽宁,其他建材,dhxc,北交所,20230330,毕胜民,民营企业
5292,839946.BJ,839946,华阳变速,湖北,汽车配件,hybs,北交所,20210720,陈守全,民营企业
5293,870199.BJ,870199,倍益康,四川,家用电器,byk,北交所,20221201,张文,民营企业
5294,870204.BJ,870204,沪江材料,江苏,塑料,hjcl,北交所,20220118,章育骏,民营企业
5295,870299.BJ,870299,灿能电力,江苏,电气设备,cndl,北交所,20220610,章晓敏,民营企业
5296,870357.BJ,870357,雅葆轩,安徽,元器件,ybx,北交所,20221118,胡啸宇,民营企业
5297,870436.BJ,870436,大地电气,江苏,汽车配件,dddq,北交所,20211115,蒋明泉,民营企业
5298,870508.BJ,870508,丰安股份,浙江,机械基件,fagf,北交所,20221216,黄健民,民营企业
5299,870656.BJ,870656,海昇药业,浙江,化学制药,hsyy,北交所,20240202,叶瑾之,民营企业
5300,870726.BJ,870726,鸿智科技,广东,家用电器,hzkj,北交所,20230808,游进,民营企业
5301,870866.BJ,870866,绿亨科技,广东,农药化肥,lhkj,北交所,20221209,刘铁斌,民营企业
5302,870976.BJ,870976,视声智能,广东,通信设备,sszn,北交所,20230901,朱湘军,民营企业
5303,871245.BJ,871245,威博液压,江苏,机械基件,wbyy,北交所,20220106,马金星,民营企业
5304,871263.BJ,871263,莱赛激光,江苏,电器仪表,lsjg,北交所,20231228,陆建红,民营企业
5305,871396.BJ,871396,常辅股份,江苏,电器仪表,cfgf,北交所,20201118,杜发平,民营企业
5306,871478.BJ,871478,巨能股份,宁夏,专用机械,jngf,北交所,20230512,孙文靖,民营企业
5307,871553.BJ,871553,凯腾精工,北京,专用机械,ktjg,北交所,20210806,李文田,民营企业
5308,871634.BJ,871634,新威凌,湖南,铅锌,xwl,北交所,20221124,陈志强,民营企业
5309,871642.BJ,871642,通易航天,江苏,航空,tyht,北交所,20210816,张欣戎,民营企业
5310,871694.BJ,871694,中裕科技,江苏,塑料,zykj,北交所,20230424,黄裕中,民营企业
5311,871753.BJ,871753,天纺标,天津,纺织,tfb,北交所,20221031,天津市人民政府国有资产监督管理委员会,地方国企
5312,871857.BJ,871857,泓禧科技,重庆,元器件,hxkj,北交所,20220228,迟少林,民营企业
5313,871970.BJ,871970,大禹生物,山西,化学制药,dysw,北交所,20220518,闫和平,民营企业
5314,871981.BJ,871981,晶赛科技,安徽,元器件,jskj,北交所,20211115,侯诗益,民营企业
5315,872190.BJ,872190,雷神科技,山东,IT设备,lskj,北交所,20221223,海尔集团公司,集体企业
5316,872351.BJ,872351,华光源海,湖南,仓储物流,hgyh,北交所,20221229,刘慧,民营企业
5317,872374.BJ,872374,云里物里,深圳,通信设备,ylwl,北交所,20221129,庄严,民营企业
5318,872392.BJ,872392,佳合科技,江苏,广告包装,jhkj,北交所,20221230,董洪江,民营企业
5319,872541.BJ,872541,铁大科技,上海,运输设备,tdkj,北交所,20230310,成远,民营企业
5320,872808.BJ,872808,曙光数创,北京,IT设备,sgsc,北交所,20221118,中国科学院计算技术研究所,中央国企
5321,872895.BJ,872895,花溪科技,河南,农用机械,hxkj,北交所,20230406,孟凡伟,民营企业
5322,872925.BJ,872925,锦好医疗,广东,医疗保健,jhyl,北交所,20211025,王敏,民营企业
5323,872931.BJ,872931,无锡鼎邦,江苏,化工机械,wxdb,北交所,20240408,王仁良,民营企业
5324,872953.BJ,872953,国子软件,山东,软件服务,gzrj,北交所,20230823,韩承志,民营企业
5325,873001.BJ,873001,纬达光电,广东,元器件,wdgd,北交所,20221227,广东省人民政府,地方国企
5326,873122.BJ,873122,中纺标,北京,综合类,zfb,北交所,20220927,国务院国有资产监督管理委员会,中央国企
5327,873132.BJ,873132,泰鹏智能,山东,家居用品,tpzn,北交所,20231116,刘建三,民营企业
5328,873152.BJ,873152,天宏锂电,浙江,电气设备,thld,北交所,20230119,都伟云,民营企业
5329,873167.BJ,873167,新赣江,江西,化学制药,xgj,北交所,20230209,张爱江,民营企业
5330,873169.BJ,873169,七丰精工,浙江,机械基件,qfjg,北交所,20220415,陈跃忠,民营企业
5331,873223.BJ,873223,荣亿精密,浙江,机械基件,ryjm,北交所,20220609,唐旭文,外资企业
5332,873305.BJ,873305,九菱科技,湖北,机械基件,jlkj,北交所,20221221,徐洪林,民营企业
5333,873339.BJ,873339,恒太照明,江苏,家用电器,htzm,北交所,20221117,李彭晴,民营企业
5334,873527.BJ,873527,夜光明,浙江,化工原料,ygm,北交所,20221027,陈国顺,民营企业
5335,873570.BJ,873570,坤博精工,浙江,机械基件,kbjg,北交所,20231123,厉全明,民营企业
5336,873576.BJ,873576,天力复合,陕西,小金属,tlfh,北交所,20230712,陕西省财政厅,地方国企
5337,873593.BJ,873593,鼎智科技,江苏,机械基件,dzkj,北交所,20230413,苏建国,民营企业
5338,873665.BJ,873665,科强股份,江苏,橡胶,kqgf,北交所,20230926,周明,民营企业
5339,873679.BJ,873679,前进科技,浙江,机械基件,qjkj,北交所,20231110,杨杰,民营企业
5340,873690.BJ,873690,捷众科技,浙江,汽车配件,jzkj,北交所,20240105,孙秋根,民营企业
5341,873693.BJ,873693,阿为特,上海,机械基件,awt,北交所,20231027,汪彬慧,民营企业
5342,873703.BJ,873703,广厦环能,北京,专用机械,gxhn,北交所,20231205,韩军,民营企业
5343,873706.BJ,873706,铁拓机械,福建,工程机械,ttjx,北交所,20240308,王希仁,民营企业
5344,873726.BJ,873726,卓兆点胶,江苏,机械基件,zzdj,北交所,20231019,陈晓峰,民营企业
5345,873806.BJ,873806,云星宇,北京,软件服务,yxy,北交所,20240111,,
5346,873833.BJ,873833,美心翼申,重庆,汽车配件,mxys,北交所,20231108,徐争鸣,民营企业
5347,920002.BJ,920002,万达轴承,,,wdzc,北交所,20240530,,
5348,920008.BJ,920008,成电光信,,,cdgx,北交所,20240829,,
5349,920016.BJ,920016,N中草,,,zcxl,北交所,20240913,,
5350,920118.BJ,920118,太湖远大,,,thyd,北交所,20240822,,
5351,689009.SH,689009,九号公司-WD,北京,摩托车,jhgs,科创板,20201029,,
